 6.463828 , 0
 6.463828 , 0
 0.1900444 , 0
 0.1359203 , 0
 0.2578939 , 0
 0.3941231 , 0
 0.5041554 , 0
 0.6095616 , 0
 0.6956694 , 0
 0.742955 , 0
 0.7264931 , 0
 0.6641046 , 0
 0.5592179 , 0
 0.4141484 , 0
 0.2386929 , 0
 0.1354707 , 0
 0.3441 , 0
 0.483877 , 0
 0.5428065 , 0
 0.5734604 , 0
 0.5707429 , 0
 0.5655631 , 0
 0.5571881 , 0
 0.5393603 , 0
 0.5215244 , 0
 0.5117686 , 0
 0.5099231 , 0
 0.5127289 , 0
 0.5335976 , 0
 0.5544185 , 0
 0.5502686 , 0
 0.552888 , 0
 0.4996408 , 0
 0.4813477 , 0
 0.4516774 , 0
 0.4235531 , 0
 0.3520913 , 0
 0.2941371 , 0
 0.2307436 , 0
 0.1968522 , 0
 0.236538 , 0
 0.3445148 , 0
 0.3793351 , 1
 0.2978413 , 1
 0.4173629 , 1
 0.3286806 , 1
 0.2421715 , 1
 0.2000633 , 1
 0.1783222 , 1
 0.2369872 , 1
 0.2436113 , 1
 0.2768177 , 1
 0.3084281 , 1
 0.3021822 , 1
 0.2794286 , 1
 0.2432528 , 1
 0.1679327 , 1
 0.09334776 , 1
 0.04679742 , 1
 0.1190659 , 1
 0.1724867 , 1
 0.2160467 , 1
 0.252838 , 1
 0.2806503 , 1
 0.3118277 , 1
 0.3312178 , 1
 0.3344474 , 1
 0.4008868 , 1
 0.3971926 , 1
 0.3547195 , 1
 0.2701813 , 1
 0.2334899 , 1
 0.2114626 , 1
 0.2161335 , 1
 0.2105383 , 1
 0.2028605 , 1
 0.2013825 , 1
 0.1921363 , 1
 0.2041806 , 1
 0.2067727 , 1
 0.2178637 , 1
 0.2272401 , 1
 0.2152011 , 1
 0.264777 , 1
 0.3708746 , 1
 0.4296688 , 1
 0.4656025 , 1
 0.4920963 , 1
 0.5117227 , 1
 0.491082 , 1
 0.4320903 , 1
 0.3283588 , 1
 0.2580312 , 1
 0.2173574 , 1
 0.2101134 , 1
 0.2926879 , 1
 0.3829651 , 1
 0.4399016 , 1
 0.5070894 , 1
 0.5512259 , 1
 0.5717946 , 1
 0.5970373 , 1
 0.5794054 , 1
 0.5579519 , 1
 0.5050359 , 1
 0.4720664 , 1
 0.4322393 , 1
 0.3966137 , 1
 0.3776195 , 1
 0.336671 , 1
 0.3275984 , 1
 0.2977181 , 1
 0.2568091 , 1
 0.2510891 , 1
 0.2439025 , 1
 0.2279433 , 1
 0.1944661 , 1
 0.2048956 , 1
 0.1886642 , 1
 0.2234016 , 1
 0.3219654 , 1
 0.4274141 , 1
 0.4518325 , 1
 0.3031961 , 2
 0.5485827 , 2
 0.7001002 , 2
 0.7119622 , 2
 0.7340865 , 2
 0.7224531 , 2
 0.7221045 , 2
 0.7350473 , 2
 0.6925408 , 2
 0.6631234 , 2
 0.6718081 , 2
 0.6594885 , 2
 0.6032721 , 2
 0.561786 , 2
 0.5530766 , 2
 0.5614936 , 2
 0.551544 , 2
 0.5547678 , 2
 0.5166946 , 2
 0.4653534 , 2
 0.3734467 , 2
 0.2740452 , 2
 0.1425834 , 2
 0.09929091 , 2
 0.1892038 , 2
 0.2185382 , 2
 0.2237234 , 2
 0.2646418 , 2
 0.2896484 , 2
 0.2968343 , 2
 0.3121308 , 2
 0.3150898 , 2
 0.3189099 , 2
 0.3195609 , 2
 0.3022088 , 2
 0.2919964 , 2
 0.2782668 , 2
 0.2739741 , 2
 0.2653856 , 2
 0.2625083 , 2
 0.2638227 , 2
 0.2503741 , 2
 0.244492 , 2
 0.2455378 , 2
 0.2455723 , 2
 0.2612378 , 2
 0.2549061 , 2
 0.2474443 , 2
 0.2415531 , 2
 0.2247646 , 2
 0.2004594 , 2
 0.1804449 , 2
 0.1865432 , 2
 0.1907726 , 2
 0.2125557 , 2
 0.1982091 , 2
 0.2060572 , 2
 0.2197962 , 2
 0.2059482 , 2
 0.2254401 , 2
 0.2095928 , 2
 0.2003196 , 2
 0.2528489 , 2
 0.2946158 , 2
 0.288879 , 2
 0.2826205 , 2
 0.2524107 , 2
 0.241108 , 2
 0.2377638 , 2
 0.2306741 , 2
 0.2479017 , 2
 0.2407507 , 2
 0.2965663 , 2
 0.3061599 , 2
 0.3384629 , 2
 0.3562156 , 2
 0.3685358 , 2
 0.3442573 , 2
 0.3248858 , 3
 0.2843586 , 3
 0.4624762 , 3
 0.5682722 , 3
 0.5648466 , 3
 0.5316124 , 3
 0.5270361 , 3
 0.5269598 , 3
 0.5101344 , 3
 0.4183497 , 3
 0.3336428 , 3
 0.2842272 , 3
 0.2671341 , 3
 0.2140678 , 3
 0.1688454 , 3
 0.1550618 , 3
 0.1326016 , 3
 0.1215906 , 3
 0.1262098 , 3
 0.1153903 , 3
 0.1072043 , 3
 0.1073769 , 3
 0.1677369 , 3
 0.2425103 , 3
 0.2828288 , 3
 0.3308724 , 3
 0.3489326 , 3
 0.3376015 , 3
 0.294419 , 3
 0.2698264 , 3
 0.2586355 , 3
 0.2707099 , 3
 0.2824023 , 3
 0.2777122 , 3
 0.2777175 , 3
 0.3098373 , 3
 0.3303075 , 3
 0.3482366 , 3
 0.339236 , 3
 0.3365861 , 3
 0.2988459 , 3
 0.2704879 , 3
 0.2846864 , 3
 0.2941659 , 3
 0.2958011 , 3
 0.3024661 , 3
 0.3008458 , 3
 0.2993851 , 3
 0.2828904 , 3
 0.28301 , 3
 0.3020054 , 3
 0.3143215 , 3
 0.3531497 , 3
 0.3971765 , 3
 0.4477023 , 3
 0.480098 , 3
 0.4911496 , 3
 0.5036406 , 3
 0.479053 , 3
 0.4445475 , 3
 0.4107094 , 3
 0.36698 , 3
 0.3490012 , 3
 0.3519527 , 3
 0.3492832 , 3
 0.3476777 , 3
 0.3788277 , 3
 0.3823009 , 3
 0.409512 , 3
 0.3918993 , 3
 0.3141202 , 3
 0.2669366 , 3
 0.2083679 , 3
 0.1532319 , 3
 0.1518158 , 3
 0.1705198 , 3
 0.1978346 , 3
 0.2150148 , 3
 0.2285542 , 3
 0.234265 , 3
 0.2338026 , 4
 0.2022226 , 4
 0.374048 , 4
 0.5578166 , 4
 0.4841461 , 4
 0.4492529 , 4
 0.3985516 , 4
 0.3518501 , 4
 0.3070518 , 4
 0.281645 , 4
 0.2468086 , 4
 0.2000869 , 4
 0.1800989 , 4
 0.1847503 , 4
 0.1656016 , 4
 0.1498639 , 4
 0.1060112 , 4
 0.07988741 , 4
 0.1036635 , 4
 0.1250833 , 4
 0.2043838 , 4
 0.2973902 , 4
 0.3396864 , 4
 0.3446996 , 4
 0.3686791 , 4
 0.3745815 , 4
 0.4104201 , 4
 0.4084098 , 4
 0.4049247 , 4
 0.3860535 , 4
 0.3990411 , 4
 0.4416924 , 4
 0.5160738 , 4
 0.5201508 , 4
 0.4961627 , 4
 0.4458792 , 4
 0.3969783 , 4
 0.3421414 , 4
 0.2892455 , 4
 0.2644092 , 4
 0.2564991 , 4
 0.2689978 , 4
 0.2537865 , 4
 0.2450511 , 4
 0.2368766 , 4
 0.2398277 , 4
 0.2526868 , 4
 0.2859476 , 4
 0.3005039 , 4
 0.3255292 , 4
 0.3573695 , 4
 0.3671517 , 4
 0.3555596 , 4
 0.3371656 , 4
 0.3042054 , 4
 0.2481644 , 4
 0.1777568 , 4
 0.1408619 , 4
 0.1501 , 4
 0.2019894 , 4
 0.2403944 , 4
 0.2500955 , 4
 0.2501875 , 4
 0.2603454 , 4
 0.260946 , 4
 0.278549 , 4
 0.2821613 , 4
 0.2930508 , 4
 0.2711203 , 4
 0.2646505 , 4
 0.2049009 , 4
 0.1711225 , 4
 0.1220698 , 4
 0.08573324 , 4
 0.109619 , 4
 0.1454663 , 4
 0.1916114 , 4
 0.2583519 , 4
 0.3008583 , 4
 0.3255411 , 4
 0.3685322 , 4
