 0 , 0
 2.097908 , 0
 2.072167 , 0
 1.873036 , 0
 1.10117 , 0
 0.9770403 , 0
 0.6718819 , 0
 0.3392065 , 0
 0.2559079 , 0
 0.1832912 , 0
 0.1372824 , 0
 0.1386214 , 0
 0.1419139 , 0
 0.1470768 , 0
 0.1573492 , 0
 0.1836317 , 0
 0.2143428 , 0
 0.2308823 , 0
 0.2446912 , 0
 0.237653 , 0
 0.2103418 , 0
 0.2124559 , 0
 0.1760705 , 0
 0.1693189 , 0
 0.1610039 , 0
 0.1579395 , 0
 0.1857881 , 0
 0.1816731 , 0
 0.1520653 , 0
 0.1542776 , 0
 0.18216 , 0
 0.199571 , 0
 0.1301451 , 0
 0.1341926 , 0
 0.1617953 , 0
 0.25112 , 0
 0.1553759 , 0
 0.1906695 , 0
 0.09637815 , 0
 0.1201238 , 0
 0.1080752 , 0
 0.0708208 , 0
 0.1009151 , 0
 0.06957254 , 0
 0.01953259 , 0
 0.05468222 , 0
 0.1394117 , 0
 0.1710858 , 0
 0.1616423 , 0
 0.1634165 , 0
 0.16624 , 0
 0.1679615 , 0
 0.1691457 , 0
 0.1666144 , 0
 0.1811118 , 0
 0.2406589 , 0
 0.2608039 , 0
 0.2591779 , 0
 0.2793857 , 0
 0.3300439 , 0
 0.3410163 , 0
 0.396501 , 0
 0.4336855 , 0
 0.367684 , 0
 0.3476404 , 0
 0.3782634 , 0
 0.4282092 , 0
 0.3997485 , 0
 0.3442559 , 0
 0.3407 , 0
 0.363505 , 0
 0.3238195 , 0
 0.3125151 , 0
 0.2869343 , 0
 0.2151712 , 0
 0.3302556 , 0
 0.3404935 , 0
 0.3542237 , 0
 0.3497254 , 0
 0.3815468 , 0
 0.468002 , 0
 0.3131856 , 0
 0.1019051 , 0
 0.06044277 , 0
 0.116776 , 0
 0.1035701 , 0
 0.1052648 , 0
 0.1336551 , 0
 0.1364995 , 0
 0.1376685 , 0
 0.1423547 , 0
 0.1446822 , 0
 0.1552215 , 0
 0.1630084 , 0
 0.1829268 , 0
 0.1783583 , 0
 0.1879855 , 0
 0.1829906 , 0
 0.1720231 , 0
 0.171037 , 0
 0.1697399 , 0
 0.1568383 , 0
 0.1453994 , 0
 0.1367843 , 0
 0.1381169 , 0
 0.1373778 , 0
 0.1420251 , 0
 0.1603933 , 0
 0.1973874 , 0
 0.2556923 , 0
 0.2645208 , 0
 0.313629 , 0
 0.3253676 , 0
 0.2756529 , 1
 0.2625577 , 1
 0.2576297 , 1
 0.1062612 , 1
 0.416414 , 1
 0.6216956 , 1
 0.4763235 , 1
 0.2123346 , 1
 0.1556886 , 1
 0.2469911 , 1
 0.275557 , 1
 0.252198 , 1
 0.2589063 , 1
 0.2633552 , 1
 0.30237 , 1
 0.2608769 , 1
 0.2199482 , 1
 0.2507679 , 1
 0.3253881 , 1
 0.3097117 , 1
 0.2539413 , 1
 0.2463954 , 1
 0.2202328 , 1
 0.1930428 , 1
 0.1785116 , 1
 0.1685645 , 1
 0.180988 , 1
 0.1795459 , 1
 0.1562858 , 1
 0.1514788 , 1
 0.1476056 , 1
 0.1413265 , 1
 0.2004548 , 1
 0.2021612 , 1
 0.1829132 , 1
 0.1823244 , 1
 0.1354674 , 1
 0.1408241 , 1
 0.1201811 , 1
 0.1386501 , 1
 0.2577425 , 1
 0.2431312 , 1
 0.2224435 , 1
 0.1961427 , 1
 0.2350492 , 1
 0.3264066 , 1
 0.2709223 , 1
 0.2498596 , 1
 0.2487491 , 1
 0.2211778 , 1
 0.1784737 , 1
 0.1810376 , 1
 0.1916186 , 1
 0.1640109 , 1
 0.1693974 , 1
 0.161006 , 1
 0.1457545 , 1
 0.1440296 , 1
 0.1395671 , 1
 0.1414277 , 1
 0.1925159 , 1
 0.2629094 , 1
 0.2385144 , 1
 0.2123222 , 1
 0.1858323 , 1
 0.1814302 , 1
 0.1706607 , 1
 0.1969943 , 1
 0.1888823 , 1
 0.1946041 , 1
 0.1751927 , 1
 0.176581 , 1
 0.1485868 , 1
 0.1585357 , 1
 0.193034 , 1
 0.2030668 , 1
 0.1691474 , 1
 0.09388089 , 1
 0.05597128 , 1
 0.09906755 , 1
 0.133907 , 1
 0.1242858 , 2
 0.214599 , 2
 0.3368912 , 2
 0.2657358 , 2
 0.2266489 , 2
 0.1769772 , 2
 0.2556572 , 2
 0.2142709 , 2
 0.1990937 , 2
 0.1825696 , 2
 0.1713651 , 2
 0.1784649 , 2
 0.1591586 , 2
 0.1393392 , 2
 0.1546689 , 2
 0.1798865 , 2
 0.162821 , 2
 0.1590894 , 2
 0.1642976 , 2
 0.1656432 , 2
 0.157935 , 2
 0.1557612 , 2
 0.1603035 , 2
 0.1911952 , 2
 0.2523373 , 2
 0.2961645 , 2
 0.2951888 , 2
 0.2731088 , 2
 0.2461853 , 2
 0.1996519 , 2
 0.1464295 , 2
 0.117888 , 2
 0.1137057 , 2
 0.1371539 , 2
 0.1667155 , 2
 0.1580708 , 2
 0.1398217 , 2
 0.1946895 , 2
 0.2454799 , 2
 0.2225364 , 2
 0.1462139 , 2
 0.202984 , 2
 0.3438728 , 2
 0.3912035 , 2
 0.3384595 , 2
 0.3141621 , 2
 0.3103237 , 2
 0.2273207 , 2
 0.1952663 , 2
 0.196387 , 2
 0.183039 , 2
 0.182753 , 2
 0.1858687 , 2
 0.1605664 , 2
 0.1568177 , 2
 0.1843714 , 2
 0.1934188 , 2
 0.1728589 , 2
 0.1716662 , 2
 0.1687132 , 2
 0.1741536 , 2
 0.1876033 , 2
 0.1701147 , 2
 0.1596299 , 2
 0.1557249 , 2
 0.1627752 , 2
 0.1530818 , 2
 0.1434533 , 2
 0.1434912 , 2
 0.1401776 , 2
 0.1204402 , 2
 0.1047954 , 2
 0.1025055 , 2
 0.1265738 , 2
 0.1119398 , 2
 0.09190632 , 2
 0.09574128 , 2
