 5.727439 , 0
 5.727439 , 0
 0.2820047 , 0
 0.2070746 , 0
 0.3092244 , 0
 0.3991445 , 0
 0.4592017 , 0
 0.5290248 , 0
 0.5703513 , 0
 0.5609384 , 0
 0.5262513 , 0
 0.4519393 , 0
 0.3506638 , 0
 0.2692219 , 0
 0.2220604 , 0
 0.2122502 , 0
 0.4269566 , 0
 0.6644977 , 0
 0.9681414 , 0
 1.219822 , 0
 1.504261 , 0
 1.695096 , 0
 1.600979 , 0
 1.238263 , 0
 0.976656 , 0
 0.8296793 , 0
 0.7104523 , 0
 0.6271293 , 0
 0.6195705 , 0
 0.652274 , 0
 0.652274 , 0
 0.400149 , 0
 0.1174251 , 0
 0.18645 , 0
 0.4571943 , 0
 0.7297503 , 0
 0.934186 , 0
 1.056708 , 0
 0.9459147 , 0
 0.7433796 , 0
 0.5673617 , 0
 0.4483602 , 0
 0.3925786 , 0
 0.3736514 , 0
 0.380782 , 0
 0.405102 , 0
 0.4025427 , 0
 0.400284 , 0
 0.3758603 , 0
 0.3517484 , 0
 0.3363703 , 0
 0.3307391 , 0
 0.3230496 , 0
 0.3672044 , 0
 0.3825399 , 0
 0.406279 , 0
 0.4002015 , 0
 0.4233153 , 0
 0.4572385 , 0
 0.4741681 , 0
 0.4886678 , 0
 0.4889993 , 0
 0.4447461 , 0
 0.4176849 , 0
 0.4004543 , 0
 0.3617432 , 0
 0.299912 , 0
 0.2581455 , 0
 0.2223871 , 1
 0.2347234 , 1
 0.1538347 , 1
 0.1912029 , 1
 0.1025108 , 1
 0.2190085 , 1
 0.3576539 , 1
 0.4385988 , 1
 0.4278175 , 1
 0.3610063 , 1
 0.281002 , 1
 0.234086 , 1
 0.154171 , 1
 0.1438663 , 1
 0.1975298 , 1
 0.2627454 , 1
 0.2672811 , 1
 0.2656167 , 1
 0.2275083 , 1
 0.2056915 , 1
 0.2037671 , 1
 0.209327 , 1
 0.2476488 , 1
 0.2545363 , 1
 0.2416117 , 1
 0.2192041 , 1
 0.2020946 , 1
 0.192087 , 1
 0.1989014 , 1
 0.198307 , 1
 0.18389 , 1
 0.1403201 , 1
 0.1434061 , 1
 0.1522526 , 1
 0.1537592 , 1
 0.1423258 , 1
 0.1232589 , 1
 0.1182609 , 1
 0.1013428 , 1
 0.08977254 , 1
 0.1035927 , 1
 0.1453777 , 1
 0.3117611 , 1
 0.4228186 , 1
 0.4245975 , 1
 0.4379116 , 1
 0.4295672 , 1
 0.4560732 , 1
 0.4413993 , 1
 0.3511307 , 1
 0.2677627 , 1
 0.2105599 , 1
 0.1624419 , 1
 0.1440312 , 1
 0.1397604 , 1
 0.1458242 , 1
 0.1591715 , 1
 0.165567 , 1
 0.1609896 , 1
 0.1592572 , 1
 0.1881214 , 1
 0.2538655 , 1
 0.2935366 , 1
 0.3307411 , 1
 0.3844375 , 1
 0.3867708 , 1
 0.4174508 , 1
 0.4732579 , 1
 0.4930588 , 1
 0.4759468 , 1
 0.4289951 , 1
 0.3750648 , 1
 0.2713691 , 1
 0.2221109 , 1
 0.197972 , 1
 0.21293 , 1
 0.199322 , 1
 0.1450489 , 1
 0.1938095 , 2
 0.2628011 , 2
 0.1516521 , 2
 0.3411587 , 2
 0.6294423 , 2
 0.7551533 , 2
 0.6660142 , 2
 0.5831452 , 2
 0.5063442 , 2
 0.3686705 , 2
 0.2767541 , 2
 0.2235139 , 2
 0.1901849 , 2
 0.1416786 , 2
 0.1484228 , 2
 0.1680537 , 2
 0.1406605 , 2
 0.1426035 , 2
 0.1550323 , 2
 0.1563006 , 2
 0.1529602 , 2
 0.153268 , 2
 0.1710543 , 2
 0.1865242 , 2
 0.1847424 , 2
 0.1686767 , 2
 0.1659433 , 2
 0.1685068 , 2
 0.1708845 , 2
 0.1782386 , 2
 0.1760923 , 2
 0.2122193 , 2
 0.2117345 , 2
 0.206652 , 2
 0.2059728 , 2
 0.1833607 , 2
 0.1718058 , 2
 0.2070875 , 2
 0.1932153 , 2
 0.1541147 , 2
 0.1248503 , 2
 0.2160692 , 2
 0.3736788 , 2
 0.4404947 , 2
 0.4646455 , 2
 0.4766725 , 2
 0.4577989 , 2
 0.4418851 , 2
 0.3874128 , 2
 0.3153894 , 2
 0.2509338 , 2
 0.2003842 , 2
 0.1905418 , 2
 0.1968968 , 2
 0.1859756 , 2
 0.1755334 , 2
 0.1807448 , 2
 0.1853484 , 2
 0.1723748 , 2
 0.1714402 , 2
 0.1849319 , 2
 0.1924304 , 2
 0.1931824 , 2
 0.1917846 , 2
 0.2006247 , 2
 0.2014566 , 2
 0.1945029 , 2
 0.168253 , 2
 0.1416587 , 2
 0.1288884 , 2
 0.1253787 , 2
 0.1414554 , 2
 0.1753763 , 2
 0.1905134 , 2
 0.1931579 , 2
 0.1846278 , 2
 0.1661523 , 3
 0.1490711 , 3
 0.1359564 , 3
 0.152701 , 3
 0.1494096 , 3
 0.1452784 , 3
 0.1419076 , 3
 0.08944609 , 3
 0.03970696 , 3
 0.04735867 , 3
 0.06076952 , 3
 0.07869963 , 3
 0.09985079 , 3
 0.1192542 , 3
 0.1514123 , 3
 0.1548848 , 3
 0.1694902 , 3
 0.2132323 , 3
 0.2244077 , 3
 0.2565271 , 3
 0.3003832 , 3
 0.3666688 , 3
 0.3849423 , 3
 0.3934424 , 3
 0.4357427 , 3
 0.371637 , 3
 0.3586129 , 3
 0.3070903 , 3
 0.2684047 , 3
 0.2171738 , 3
 0.2000504 , 3
 0.2031159 , 3
 0.2034643 , 3
 0.1497702 , 3
 0.1232082 , 3
 0.09483558 , 3
 0.1034397 , 3
 0.114447 , 3
 0.1308708 , 3
 0.1124572 , 3
 0.07645337 , 3
 0.1253411 , 3
 0.1448948 , 3
 0.1896403 , 3
 0.2405824 , 3
 0.2249581 , 3
 0.1305763 , 3
 0.07945031 , 3
 0.07596254 , 3
 0.1138493 , 3
 0.1923239 , 3
 0.2434111 , 3
 0.2703407 , 3
 0.288035 , 3
 0.3068461 , 3
 0.3316941 , 3
 0.3322946 , 3
 0.3408541 , 3
 0.3430685 , 3
 0.3241237 , 3
 0.3332537 , 3
 0.3456433 , 3
 0.3368375 , 3
 0.3498886 , 3
 0.3336143 , 3
 0.3216912 , 3
 0.3024183 , 3
 0.2713896 , 3
 0.2180877 , 3
 0.162534 , 3
 0.1670812 , 3
 0.206186 , 3
 0.2389515 , 3
 0.2693435 , 3
 0.2560454 , 3
 0.2229321 , 3
 0.2013021 , 3
 0.1496037 , 3
 4.370829 , 3
 0.5797912 , 3
 0.8506192 , 3
 1.146698 , 3
 1.32825 , 3
 1.440203 , 3
 1.543893 , 3
 1.510978 , 3
 1.3634 , 3
 1.15069 , 3
 0.9921432 , 3
 0.8889176 , 3
 0.7890912 , 3
 0.7240283 , 3
 0.6553266 , 3
 0.5954509 , 3
 0.5168465 , 3
 0.4381441 , 3
 0.3981899 , 3
 0.3726638 , 3
 0.2919441 , 3
 0.26039 , 3
 0.2007432 , 3
 0.1788456 , 3
 0.2066958 , 3
 0.2466495 , 3
 0.2877228 , 3
 0.3482385 , 3
 0.3752308 , 3
 0.3897694 , 3
 0.4391703 , 3
 0.4873349 , 3
 0.4858279 , 3
 0.3455057 , 3
 0.07779443 , 3
 0.07779443 , 3
 0.3340437 , 3
 0.3104495 , 3
 0.2726043 , 3
 0.2164819 , 3
 0.135635 , 3
 0.09362358 , 3
 0.1146362 , 3
 0.1213119 , 3
 0.1321763 , 3
 0.1386493 , 3
 0.1727618 , 3
 0.2217845 , 3
 0.284041 , 3
 0.3179912 , 3
 0.3676846 , 3
 0.4042659 , 3
 0.4263989 , 3
 0.4276478 , 3
 0.4501231 , 3
 0.4185923 , 3
 0.3655266 , 3
 0.3368294 , 3
 0.2956938 , 3
 0.2504277 , 3
 0.2131981 , 3
 0.1935932 , 3
 0.1797304 , 3
 0.2088252 , 3
 0.2635455 , 3
 0.3213849 , 3
 0.3406999 , 3
 0.3469471 , 3
 0.296812 , 3
 0.2483759 , 3
 0.2767316 , 3
 0.2789271 , 3
 0.3053566 , 3
 0.3503423 , 3
 0.4318625 , 4
 0.3438507 , 4
 0.06225847 , 4
 0.1802465 , 4
 0.2311676 , 4
 0.1745636 , 4
 0.1501969 , 4
 0.1178963 , 4
 0.1086996 , 4
 0.1365413 , 4
 0.1803706 , 4
 0.180807 , 4
 0.1854488 , 4
 0.1851624 , 4
 0.2147745 , 4
 0.2574586 , 4
 0.2742529 , 4
 0.3015304 , 4
 0.3248506 , 4
 0.3072066 , 4
 0.307904 , 4
 0.2977757 , 4
 0.2819553 , 4
 0.2792462 , 4
 0.2623056 , 4
 0.2536868 , 4
 0.2403882 , 4
 0.2087796 , 4
 0.1938849 , 4
 0.1767491 , 4
 0.1747602 , 4
 0.1970941 , 4
 0.2273283 , 4
 0.2489187 , 4
 0.2720791 , 4
 0.2580705 , 4
 0.33051 , 4
 0.3418724 , 4
 0.3273671 , 4
 0.2334535 , 4
 0.1570245 , 4
 0.1879042 , 4
 0.2447753 , 4
 0.3122038 , 4
 0.3386799 , 4
 0.2982545 , 4
 0.2697538 , 4
 0.2095502 , 4
 0.1896151 , 4
 0.1591894 , 4
 0.1567311 , 4
 0.1642029 , 4
 0.1798177 , 4
 0.1907451 , 4
 0.1989108 , 4
 0.2081993 , 4
 0.2166823 , 4
 0.2117716 , 4
 0.2148161 , 4
 0.2172069 , 4
 0.2159449 , 4
 0.2113339 , 4
 0.2265858 , 4
 0.2210012 , 4
 0.2186216 , 4
 0.2257722 , 4
 0.2207934 , 4
 0.220271 , 4
 0.2146209 , 4
 0.2335462 , 4
 0.2411416 , 4
 0.2081691 , 4
 0.1908405 , 4
 0.1493622 , 4
 0.160195 , 4
 0.1302252 , 4
 0.134497 , 4
