 5.661116 , 0
 5.661116 , 0
 0.1958701 , 0
 0.3404765 , 0
 0.4831643 , 0
 0.5654021 , 0
 0.6276245 , 0
 0.7261439 , 0
 0.8359827 , 0
 0.9030631 , 0
 0.8782275 , 0
 0.7360987 , 0
 0.5277221 , 0
 0.2898553 , 0
 0.6345487 , 0
 1.03053 , 0
 1.431956 , 0
 1.771136 , 0
 2.048917 , 0
 2.318878 , 0
 2.501326 , 0
 2.561234 , 0
 2.536352 , 0
 2.419749 , 0
 2.419749 , 0
 1.943553 , 0
 1.455979 , 0
 1.032598 , 0
 0.6634203 , 0
 0.2830743 , 0
 0.2005947 , 0
 0.4194714 , 0
 0.5475714 , 0
 0.529397 , 0
 0.445866 , 0
 0.2874175 , 0
 0.1906302 , 0
 0.1771764 , 0
 0.1918429 , 0
 0.2042098 , 0
 0.2257752 , 0
 0.2309021 , 0
 0.2200466 , 0
 0.2401174 , 0
 0.3012129 , 0
 0.3476133 , 0
 0.3912035 , 0
 0.4532392 , 0
 0.5454404 , 0
 0.5807689 , 0
 0.6079281 , 0
 0.6183215 , 0
 0.6086165 , 0
 0.5724995 , 0
 0.5096641 , 0
 0.4388909 , 0
 0.287899 , 0
 0.1657486 , 0
 0.1056969 , 0
 0.09606225 , 0
 0.1005147 , 0
 0.09928133 , 0
 0.1283844 , 0
 0.1579816 , 0
 0.1525311 , 0
 0.2703258 , 0
 0.3099542 , 0
 0.2511266 , 0
 0.2366521 , 0
 0.2135504 , 0
 0.2076393 , 0
 0.2192871 , 0
 0.2104703 , 0
 0.2330051 , 0
 0.2578414 , 0
 0.2976035 , 0
 0.3410715 , 0
 0.3968063 , 0
 0.416836 , 0
 0.4641527 , 0
 0.5231291 , 0
 0.5849237 , 0
 0.6263772 , 0
 0.678953 , 0
 0.6677948 , 0
 0.5346456 , 0
 0.4359851 , 0
 0.2832401 , 0
 0.20468 , 0
 0.1971045 , 0
 0.2088082 , 0
 0.1744723 , 0
 0.1464475 , 0
 0.1394723 , 0
 0.1306244 , 0
 0.1209306 , 0
 0.1089038 , 0
 0.1050622 , 0
 0.1319699 , 0
 0.1645495 , 0
 0.1968789 , 0
 0.2256375 , 0
 0.2510956 , 0
 0.1479442 , 0
 0.2712703 , 0
 0.5499023 , 0
 0.8094342 , 0
 1.07713 , 0
 1.244397 , 0
 1.167778 , 0
 0.9024609 , 0
 0.6309599 , 0
 0.4123452 , 0
 0.2691855 , 0
 0.1619683 , 0
 0.1377777 , 0
 0.1644181 , 0
 0.1880542 , 0
 0.2103354 , 0
 0.2499617 , 0
 0.2822495 , 0
 0.2917129 , 0
 0.2754656 , 0
 0.2273079 , 0
 0.1818682 , 0
 0.1890297 , 0
 0.2384287 , 0
 0.3020914 , 0
 0.3777399 , 0
 0.426634 , 0
 0.4523817 , 0
 0.4742933 , 0
 0.444333 , 0
 0.4219815 , 0
 0.3972561 , 0
 0.3379519 , 0
 0.3002068 , 0
 0.3212722 , 0
 0.3435927 , 0
 0.3656631 , 0
 0.4415751 , 0
 0.5163162 , 0
 0.4337074 , 1
 0.1604352 , 1
 0.1270393 , 1
 0.3490686 , 1
 0.554333 , 1
 0.7178543 , 1
 0.861638 , 1
 0.8708857 , 1
 0.824388 , 1
 0.7968876 , 1
 0.7516506 , 1
 0.7120931 , 1
 0.6624643 , 1
 0.629649 , 1
 0.632728 , 1
 0.6566806 , 1
 0.6985457 , 1
 0.7197075 , 1
 0.7370906 , 1
 0.7723159 , 1
 0.76267 , 1
 0.7467042 , 1
 0.7013296 , 1
 0.6897111 , 1
 0.6661611 , 1
 0.6566335 , 1
 0.6619713 , 1
 0.6573138 , 1
 0.6724445 , 1
 0.6495366 , 1
 0.6445124 , 1
 0.615486 , 1
 0.6188229 , 1
 0.6050672 , 1
 0.6230239 , 1
 0.617368 , 1
 0.6130369 , 1
 0.5689098 , 1
 0.5200242 , 1
 0.3396764 , 1
 0.09479098 , 1
 0.2917423 , 1
 0.5589917 , 1
 0.8426866 , 1
 1.118696 , 1
 1.305875 , 1
 1.274099 , 1
 1.118361 , 1
 0.7775581 , 1
 0.4155001 , 1
 0.2086009 , 1
 0.1646689 , 1
 0.2133403 , 1
 0.2721909 , 1
 0.2816129 , 1
 0.2719702 , 1
 0.2768048 , 1
 0.2830689 , 1
 0.2904175 , 1
 0.2816489 , 1
 0.2518245 , 1
 0.2344782 , 1
 0.1812062 , 1
 0.139181 , 1
 0.1409279 , 1
 0.1752829 , 1
 0.2347133 , 1
 0.2581708 , 1
 0.2537261 , 1
 0.2573317 , 1
 0.2364759 , 1
 0.2316357 , 1
 0.2288668 , 1
 0.2536381 , 1
 0.2944408 , 1
 0.3191326 , 1
 0.365505 , 1
 0.4308856 , 2
 0.3220482 , 2
 0.1109907 , 2
 0.2770722 , 2
 0.4540968 , 2
 0.5466905 , 2
 0.489922 , 2
 0.4159585 , 2
 0.3336026 , 2
 0.2833241 , 2
 0.2668871 , 2
 0.2551783 , 2
 0.2824154 , 2
 0.3048736 , 2
 0.3499222 , 2
 0.3874246 , 2
 0.422764 , 2
 0.4457565 , 2
 0.4684956 , 2
 0.4782593 , 2
 0.5139584 , 2
 0.5391287 , 2
 0.5088241 , 2
 0.4904788 , 2
 0.449023 , 2
 0.410098 , 2
 0.4129387 , 2
 0.382044 , 2
 0.3523684 , 2
 0.3201427 , 2
 0.295915 , 2
 0.2851957 , 2
 0.2900865 , 2
 0.2687081 , 2
 0.2619369 , 2
 0.2840656 , 2
 0.3155956 , 2
 0.3741519 , 2
 0.4082702 , 2
 0.4333541 , 2
 0.4333541 , 2
 0.2262177 , 2
 0.0986831 , 2
 0.3787487 , 2
 0.6275358 , 2
 0.7979977 , 2
 0.8804489 , 2
 0.7708147 , 2
 0.6571416 , 2
 0.5592531 , 2
 0.4862968 , 2
 0.4464611 , 2
 0.4012115 , 2
 0.4181396 , 2
 0.4576472 , 2
 0.5100676 , 2
 0.4988586 , 2
 0.5081158 , 2
 0.5103874 , 2
 0.5242141 , 2
 0.5872268 , 2
 0.6311952 , 2
 0.6658471 , 2
 0.7387632 , 2
 0.8220206 , 2
 0.901096 , 2
 0.9438921 , 2
 0.9242831 , 2
 0.9158273 , 2
 0.8712848 , 2
 0.797987 , 2
 0.707597 , 2
 0.671809 , 2
 0.654552 , 2
 0.6324287 , 2
 0.5981629 , 2
 0.5865442 , 2
 0.5673375 , 2
 0.5688341 , 2
 0.6218218 , 2
 0.4886842 , 3
 0.1945912 , 3
 0.2581044 , 3
 0.5232704 , 3
 0.737956 , 3
 0.9060619 , 3
 0.9827701 , 3
 1.011315 , 3
 1.030498 , 3
 1.043664 , 3
 1.026966 , 3
 1.041803 , 3
 1.080452 , 3
 1.070792 , 3
 1.04889 , 3
 1.052283 , 3
 1.045671 , 3
 1.050204 , 3
 1.06401 , 3
 1.05847 , 3
 1.055375 , 3
 0.9699339 , 3
 0.9168203 , 3
 0.86815 , 3
 0.8017967 , 3
 0.7425923 , 3
 0.6951882 , 3
 0.6770481 , 3
 0.6487218 , 3
 0.6215689 , 3
 0.5948598 , 3
 0.5524186 , 3
 0.5128922 , 3
 0.4620727 , 3
 0.423297 , 3
 0.4168761 , 3
 0.421694 , 3
 0.4551007 , 3
 0.4818659 , 3
 0.3252657 , 3
 0.09400162 , 3
 0.3541096 , 3
 0.6243954 , 3
 0.8891588 , 3
 1.076767 , 3
 1.211563 , 3
 1.163206 , 3
 1.062759 , 3
 0.9658489 , 3
 0.8722752 , 3
 0.7858073 , 3
 0.68853 , 3
 0.6134697 , 3
 0.4986214 , 3
 0.4072764 , 3
 0.3173965 , 3
 0.243766 , 3
 0.2087226 , 3
 0.1803461 , 3
 0.1768309 , 3
 0.1690859 , 3
 0.1815245 , 3
 0.1843386 , 3
 0.2108404 , 3
 0.2365091 , 3
 0.25845 , 3
 0.2947243 , 3
 0.3131385 , 3
 0.3493024 , 3
 0.329694 , 3
 0.2882382 , 3
 0.3005777 , 3
 0.3282255 , 3
 0.3181059 , 3
 0.2936915 , 3
 0.2514024 , 3
 0.2546704 , 4
 0.2832876 , 4
 0.1718545 , 4
 0.2370345 , 4
 0.4073468 , 4
 0.4965192 , 4
 0.4648987 , 4
 0.4060998 , 4
 0.3497164 , 4
 0.3479847 , 4
 0.3095204 , 4
 0.2394514 , 4
 0.1789403 , 4
 0.1549426 , 4
 0.1647507 , 4
 0.1731841 , 4
 0.1833478 , 4
 0.1878342 , 4
 0.199131 , 4
 0.2244528 , 4
 0.2435364 , 4
 0.2890579 , 4
 0.3119384 , 4
 0.3122079 , 4
 0.3198634 , 4
 0.3205846 , 4
 0.2954529 , 4
 0.2860756 , 4
 0.2955475 , 4
 0.3028786 , 4
 0.2989799 , 4
 0.3128498 , 4
 0.2957806 , 4
 0.2949773 , 4
 0.2627109 , 4
 0.2477614 , 4
 0.214566 , 4
 0.2343169 , 4
 0.2972682 , 4
 0.3081074 , 4
 0.352036 , 4
 0.1871275 , 4
 0.152185 , 4
 0.4055824 , 4
 0.6514215 , 4
 0.8799502 , 4
 1.026978 , 4
 0.9763961 , 4
 0.8611539 , 4
 0.711324 , 4
 0.5403756 , 4
 0.4113436 , 4
 0.3634684 , 4
 0.2355477 , 4
 0.1756781 , 4
 0.1445774 , 4
 0.1563261 , 4
 0.2142902 , 4
 0.2269374 , 4
 0.2207909 , 4
 0.2113253 , 4
 0.2007401 , 4
 0.1954668 , 4
 0.1823285 , 4
 0.1625719 , 4
 0.1638148 , 4
 0.1920202 , 4
 0.2099342 , 4
 0.2101674 , 4
 0.2299666 , 4
 0.2512898 , 4
 0.2337125 , 4
 0.2025845 , 4
 0.194838 , 4
 0.1396946 , 4
 0.1266334 , 4
 0.1341323 , 4
 0.1096069 , 4
