4.082794, -2.371988 , 8.980913 , 0
4.094716, -2.36784 , 8.976995 , 0
4.084062, -2.365416 , 8.984562 , 0
3.882894, -2.380934 , 9.060396 , 0
3.131504, -2.350196 , 9.317564 , 0
2.996936, -2.351647 , 9.358349 , 0
2.666184, -2.288195 , 9.458781 , 0
2.33424, -2.034816 , 9.584103 , 0
2.224715, -1.839805 , 9.639488 , 0
2.129751, -1.682928 , 9.685722 , 0
2.032879, -1.480366 , 9.743546 , 0
2.001333, -1.331399 , 9.769634 , 0
2.000265, -1.192394 , 9.790304 , 0
1.987732, -1.057035 , 9.809875 , 0
2.014776, -0.9098796 , 9.818571 , 0
2.067352, -0.7939187 , 9.819274 , 0
2.096763, -0.6885115 , 9.822659 , 0
2.09864, -0.5666333 , 9.83217 , 0
2.100135, -0.4633692 , 9.837661 , 0
2.092713, -0.3084226 , 9.839927 , 0
2.067826, -0.09758154 , 9.84663 , 0
2.002547, 0.0309052 , 9.861282 , 0
1.96533, 0.2986661 , 9.852399 , 0
1.985477, 0.4853781 , 9.844896 , 0
1.963717, 0.6654044 , 9.837 , 0
1.984308, 0.8644646 , 9.813612 , 0
2.062058, 1.011139 , 9.781837 , 0
2.081424, 1.165934 , 9.754739 , 0
2.078679, 1.382926 , 9.729454 , 0
2.080456, 1.649417 , 9.688217 , 0
2.152286, 1.811488 , 9.642594 , 0
2.179179, 2.008935 , 9.596609 , 0
2.133128, 2.128335 , 9.574063 , 0
2.077147, 2.330647 , 9.532179 , 0
2.043667, 2.512023 , 9.485339 , 0
1.992354, 2.739725 , 9.426481 , 0
1.989566, 2.746441 , 9.422346 , 0
1.96007, 2.85496 , 9.40794 , 0
2.121027, 2.971663 , 9.335356 , 0
2.167078, 3.141235 , 9.26738 , 0
2.190607, 3.160594 , 9.253653 , 0
2.210398, 3.006025 , 9.297721 , 0
2.168652, 2.744873 , 9.396003 , 0
2.133358, 2.615752 , 9.446482 , 0
2.125017, 2.523874 , 9.47439 , 0
2.097611, 2.335535 , 9.528262 , 0
2.075534, 2.094926 , 9.588672 , 0
2.046287, 1.917153 , 9.636105 , 0
2.015172, 1.792765 , 9.67063 , 0
1.984066, 1.662229 , 9.697872 , 0
1.991564, 1.479686 , 9.728487 , 0
1.970764, 1.311648 , 9.758322 , 0
1.975658, 1.141192 , 9.781136 , 0
1.972543, 0.9979388 , 9.797832 , 0
1.959911, 0.788358 , 9.819016 , 0
1.937072, 0.5206797 , 9.842348 , 0
1.969263, 0.3191507 , 9.846497 , 0
1.987735, 0.1451866 , 9.8495 , 0
1.958208, -0.05752921 , 9.859733 , 0
1.925001, -0.2956292 , 9.864674 , 0
1.948551, -0.4837293 , 9.847948 , 0
1.958767, -0.6907436 , 9.831489 , 0
1.954774, -0.875465 , 9.817718 , 0
1.966704, -0.9569023 , 9.810266 , 0
1.965813, -1.084656 , 9.793388 , 0
1.942462, -1.268089 , 9.773552 , 0
1.922899, -1.471924 , 9.752285 , 0
1.932456, -1.597146 , 9.733649 , 0
1.939512, -1.692287 , 9.720708 , 0
1.969597, -1.842584 , 9.690669 , 0
2.007558, -2.016229 , 9.651041 , 0
2.014337, -2.129361 , 9.626284 , 0
1.995365, -2.275407 , 9.597712 , 0
2.006676, -2.409558 , 9.564524 , 0
2.033187, -2.49671 , 9.536114 , 0
2.089466, -2.760291 , 9.4503 , 0
2.140533, -2.918613 , 9.390697 , 0
2.189492, -3.077244 , 9.322752 , 0
2.183533, -3.231255 , 9.275166 , 0
2.181299, -3.263667 , 9.268055 , 0
2.186172, -3.189697 , 9.288166 , 0
2.159639, -2.88593 , 9.39607 , 0
2.062483, -2.541578 , 9.515303 , 0
2.058732, -2.335964 , 9.571452 , 0
2.10496, -2.206118 , 9.595572 , 0
2.069058, -2.02532 , 9.645524 , 0
2.021733, -1.79808 , 9.698506 , 0
2.025541, -1.609028 , 9.732373 , 0
2.045698, -1.47242 , 9.752865 , 0
2.019735, -1.321969 , 9.777416 , 0
2.001115, -1.176393 , 9.798158 , 0
1.997213, -1.056863 , 9.811926 , 0
2.003108, -0.8872582 , 9.828058 , 0
2.026492, -0.785202 , 9.829841 , 0
2.032106, -0.7006844 , 9.837193 , 0
2.008205, -0.4918157 , 9.852018 , 0
2.003951, -0.2675297 , 9.861116 , 0
1.971272, -0.1162255 , 9.869868 , 0
1.932297, 0.03949018 , 9.883476 , 0
1.935314, 0.2121368 , 9.880497 , 0
1.944957, 0.4093134 , 9.875164 , 0
1.938794, 0.5366412 , 9.86656 , 0
1.932101, 0.701154 , 9.861433 , 0
1.948672, 0.8796085 , 9.843212 , 0
1.940554, 1.072362 , 9.825945 , 0
1.941664, 1.257187 , 9.800631 , 0
1.945366, 1.467192 , 9.769561 , 0
1.966106, 1.692341 , 9.725239 , 0
1.97948, 1.925852 , 9.677236 , 0
1.998724, 2.149165 , 9.626189 , 0
2.027985, 2.319208 , 9.577333 , 0
2.053536, 2.525105 , 9.520267 , 0
2.062709, 2.691474 , 9.473644 , 0
2.058089, 2.796254 , 9.446936 , 1
2.072362, 2.935477 , 9.401401 , 1
2.145776, 3.086725 , 9.32922 , 1
2.156332, 3.026389 , 9.345207 , 1
2.154572, 2.812922 , 9.417595 , 1
2.190587, 2.597578 , 9.470984 , 1
2.200098, 2.566243 , 9.483361 , 1
2.191501, 2.652871 , 9.455162 , 1
2.212324, 2.558183 , 9.47121 , 1
2.180105, 2.299341 , 9.549685 , 1
2.153834, 2.112403 , 9.597754 , 1
2.146937, 1.984335 , 9.623282 , 1
2.117252, 1.825288 , 9.660789 , 1
2.096439, 1.672519 , 9.69449 , 1
2.067954, 1.483901 , 9.73143 , 1
2.040246, 1.34941 , 9.757622 , 1
2.038956, 1.221104 , 9.776229 , 1
2.049372, 1.015418 , 9.801594 , 1
1.994642, 0.7523175 , 9.844263 , 1
2.000245, 0.5938493 , 9.851514 , 1
2.031109, 0.4936875 , 9.845246 , 1
2.070723, 0.3578913 , 9.838449 , 1
2.068584, 0.2306014 , 9.841589 , 1
2.03212, 0.09265959 , 9.851957 , 1
2.006385, -0.05911665 , 9.855944 , 1
1.944886, -0.2245961 , 9.87261 , 1
1.902675, -0.3207127 , 9.880244 , 1
1.908857, -0.4789026 , 9.876753 , 1
1.927978, -0.6495255 , 9.8713 , 1
1.933446, -0.8449774 , 9.861573 , 1
1.92116, -0.9939474 , 9.853209 , 1
1.940678, -1.134391 , 9.826423 , 1
1.982363, -1.3936 , 9.781256 , 1
1.999419, -1.553194 , 9.758253 , 1
2.047294, -1.671368 , 9.727782 , 1
2.029022, -1.833642 , 9.706467 , 1
2.018348, -1.943209 , 9.691697 , 1
2.044858, -2.109546 , 9.652057 , 1
2.070846, -2.249821 , 9.617466 , 1
2.094853, -2.42316 , 9.568789 , 1
2.085693, -2.69887 , 9.497281 , 1
2.092017, -2.840128 , 9.456993 , 1
2.107239, -2.972095 , 9.417696 , 1
2.111931, -3.093569 , 9.379341 , 1
2.132593, -3.132226 , 9.366031 , 1
2.124875, -3.073578 , 9.389238 , 1
2.102015, -2.86771 , 9.460196 , 1
2.088064, -2.694629 , 9.516332 , 1
2.089817, -2.537523 , 9.553802 , 1
2.0759, -2.355027 , 9.602228 , 1
2.060229, -2.154985 , 9.655171 , 1
2.049371, -1.994867 , 9.686058 , 1
2.052351, -1.850381 , 9.71632 , 1
2.077024, -1.640493 , 9.739656 , 1
2.112994, -1.425818 , 9.761232 , 1
2.095696, -1.257281 , 9.790725 , 1
2.056669, -1.108605 , 9.815989 , 1
2.047177, -0.975614 , 9.836349 , 1
2.024937, -0.8293736 , 9.855857 , 1
1.999139, -0.6124211 , 9.873659 , 1
1.994198, -0.374232 , 9.884359 , 1
1.97451, -0.1312668 , 9.886377 , 1
1.964111, -0.00994195 , 9.890432 , 1
1.948809, 0.1329224 , 9.891888 , 1
1.922486, 0.2584446 , 9.892763 , 1
1.891357, 0.4239637 , 9.90141 , 1
1.90484, 0.5882359 , 9.885849 , 1
1.95108, 0.8355761 , 9.855714 , 1
1.99076, 1.001066 , 9.825314 , 1
2.002298, 1.186334 , 9.801996 , 1
2.009414, 1.351742 , 9.775755 , 1
2.02568, 1.538516 , 9.739365 , 1
2.067176, 1.677019 , 9.704883 , 1
2.058994, 1.876222 , 9.664326 , 1
2.021365, 2.07793 , 9.623919 , 1
2.02671, 2.25099 , 9.581682 , 1
2.034042, 2.370736 , 9.544682 , 1
2.071373, 2.455172 , 9.511593 , 1
2.072296, 2.562813 , 9.474752 , 1
2.036488, 2.662267 , 9.447483 , 1
2.1218, 2.712066 , 9.410757 , 1
2.151998, 2.904361 , 9.347758 , 2
2.142372, 3.008087 , 9.320063 , 2
2.154141, 2.870432 , 9.361741 , 2
2.149953, 2.759834 , 9.398041 , 2
2.116216, 2.628444 , 9.450893 , 2
2.147751, 2.513467 , 9.477205 , 2
2.253834, 2.315902 , 9.505739 , 2
2.255647, 2.237164 , 9.524168 , 2
2.225954, 2.096329 , 9.562668 , 2
2.188149, 1.962316 , 9.598272 , 2
2.137127, 1.813397 , 9.637201 , 2
2.112731, 1.661093 , 9.67263 , 2
2.105751, 1.531349 , 9.699893 , 2
2.033928, 1.408156 , 9.731165 , 2
1.99413, 1.272442 , 9.761553 , 2
2.001836, 1.123737 , 9.781794 , 2
1.959833, 0.9258226 , 9.819012 , 2
1.930114, 0.7281021 , 9.849873 , 2
1.922985, 0.4824055 , 9.869825 , 2
1.930084, 0.2711472 , 9.886551 , 2
1.931645, 0.1294444 , 9.890941 , 2
1.919676, -0.01571054 , 9.896616 , 2
1.910125, -0.2342113 , 9.901745 , 2
1.902525, -0.4492992 , 9.898874 , 2
1.953176, -0.6865548 , 9.866663 , 2
2.00256, -0.887295 , 9.832806 , 2
2.013727, -1.038959 , 9.817238 , 2
2.022162, -1.162637 , 9.800051 , 2
2.046783, -1.272565 , 9.780766 , 2
2.031222, -1.382529 , 9.773979 , 2
2.009572, -1.472567 , 9.762867 , 2
1.981125, -1.587959 , 9.752746 , 2
2.016213, -1.721869 , 9.718431 , 2
2.05447, -1.908772 , 9.671564 , 2
2.08444, -2.110837 , 9.625698 , 2
2.101126, -2.267337 , 9.588957 , 2
2.122552, -2.402327 , 9.550845 , 2
2.155867, -2.605753 , 9.490473 , 2
2.142342, -2.82711 , 9.427765 , 2
2.153983, -2.962173 , 9.387968 , 2
2.147448, -3.037538 , 9.364513 , 2
2.088022, -3.102301 , 9.361547 , 2
2.075021, -3.089378 , 9.368309 , 2
2.111175, -2.978202 , 9.397554 , 2
2.091875, -2.773899 , 9.46645 , 2
2.092368, -2.59408 , 9.515291 , 2
2.077364, -2.434583 , 9.560036 , 2
2.059478, -2.193274 , 9.622864 , 2
2.068754, -1.98405 , 9.657396 , 2
2.095533, -1.805306 , 9.683483 , 2
2.103598, -1.604846 , 9.711322 , 2
2.07348, -1.482862 , 9.741747 , 2
1.998257, -1.370313 , 9.778336 , 2
1.981597, -1.172428 , 9.807883 , 2
1.975162, -1.01213 , 9.828174 , 2
1.979136, -0.9024286 , 9.838125 , 2
2.000609, -0.7506559 , 9.844837 , 2
1.994076, -0.4997563 , 9.857243 , 2
1.968338, -0.3358667 , 9.861872 , 2
1.937835, -0.1792303 , 9.874538 , 2
1.933081, 0.0378968 , 9.880002 , 2
1.981338, 0.2472772 , 9.864986 , 2
1.98338, 0.3984587 , 9.861113 , 2
1.960169, 0.5371062 , 9.856369 , 2
1.922407, 0.7308768 , 9.858561 , 2
1.914667, 0.9309359 , 9.841084 , 2
1.921518, 1.097065 , 9.823901 , 2
1.921675, 1.239412 , 9.808453 , 2
1.953293, 1.337789 , 9.784457 , 2
1.995959, 1.494767 , 9.751446 , 2
2.008296, 1.701001 , 9.709217 , 2
1.9806, 1.929775 , 9.677882 , 2
2.002338, 2.128559 , 9.626431 , 2
2.071559, 2.338338 , 9.557201 , 2
2.135505, 2.473776 , 9.510241 , 2
2.135872, 2.617475 , 9.471045 , 2
2.207465, 2.736246 , 9.418581 , 2
