0
0.08158931
0.2007188
0.1620202
0.2639663
0.1217373
0.08597424
0.1121796
0.1396236
0.157156
0.1445645
0.1491379
0.1718477
0.1914981
0.230674
0.2089983
0.2423224
0.2536108
0.2648779
0.2207821
0.230863
0.3043986
0.2184381
0.2536091
0.2257356
0.2944453
0.4157835
0.5209188
0.4770845
0.4259026
0.3120935
0.2791364
0.2841568
0.2388644
0.2672494
0.2970868
0.2905692
0.3852817
0
0.08464919
0.1861669
0.3502625
0.05761326
0.1518426
0.1035351
0.2303087
0.2041847
0.2944412
0.3073897
0.3294914
0.3399316
0.2591774
0.2748584
0.2797223
0.3128624
0.2859256
0.2661981
0.2720813
0.2858732
0.3768914
0.4081733
0.4268063
0.3454757
0.3339537
0.3914263
0.3647869
0.3744857
0.3513373
0.2859196
0.1093368
0.10882
0.1614543
0.1775951
0.1587914
0.2249651
0
0.07186753
0.2785262
0.4025641
0.2676509
0.2370349
0.2518698
0.306169
0.2386184
0.2686374
0.2318881
0.2838297
0.2447536
0.1979163
0.2228243
0.2562861
0.2275269
0.2061861
0.205439
0.298006
0.1674211
0.2046133
0.3386247
0.4980844
0.1881686
0.1431556
0.2730549
0.2752318
0.1213382
0.08620885
0.05868175
0.1172342
0.08616374
0.1294444
0.1483883
0.1795098
0.2000059
0.1666936
0.2358162
0.3425284
0.3081911
0.2113289
0.2939399
0.4267896
0.5965356
0.7137135
0.5697562
0.4837902
0.368748
0.305786
0.2997215
0.3027837
0.3232706
0.3428746
0.3499385
0.3596359
0.3729688
0.3593113
0.2032179
0.1683877
0.1435112
0.06449568
0.04950484
0.04233749
0.03522781
0.02282767
0.03221362
0.06575483
0.04643074
0.09408205
0.09224784
0.06525173
0.08160211
0.1069028
0.1380954
0.1509676
0.2361587
0.1704352
0.1561659
0.0819042
0.2978407
0.3586335
0.9174782
0.9528172
0.8574967
0.8574967
0.6001948
0.3670235
0.3941729
0.4497765
0.4313945
0.4191231
0.3890204
0.3295781
0.3374046
0.1325779
0.1207322
0.1957518
0.2019063
0.181366
0.1972723
0.2252546
0.1830233
0.1129985
0.1567652
0.2037841
0.2788894
0.2207297
0.2931524
0.2995689
0.2567007
0.3156036
0.2931924
0.2923098
0.2867836
0.2841238
0.2385379
0.2735614
0.3757251
0.3204588
0.3628255
0.3234548
0.2781273
0
0.3719043
0.0986489
0.1385919
0.4288256
0.5895224
1.143065
1.242013
0.7955484
0.5314084
0.5767347
0.4871835
0.285724
0.2701903
0.3260872
0.2949673
0.2500282
0.3109988
0.2966698
0.2209935
0.3494853
0.5133477
0.634982
0.7021594
0.5768048
0.3980932
0.2160703
0.1872058
0.145134
0.2308091
0.2430004
0.2796113
0.165161
0.2045875
0.1484316
0.04879301
0.119797
0.189422
0.2203053
0.3098164
0.1610172
0.1359331
0.1628729
0.1781062
0.2225757
0.1851262
0.2517996
0.2043543
0.2437341
0.2976091
0.3169074
0.3322343
0.2895854
0.1234765
0.1249559
0.04127506
0.03457584
0.05649647
0.05866587
0.0579089
0.04202752
0.06917125
0.07943599
0.04811009
0.04012194
0.04889888
0.04586557
0.07984282
0.07679174
0.08582813
0.07461625
0.1504908
0.1450043
0.1275989
0.07597217
0.1170037
0.1748712
0.2598051
0.2172733
0.1934908
0.1938879
0.2989041
0.2001149
0.2392112
0.3282377
0.3096007
0.2945811
0.263534
0.2251758
0.2549374
0.2504344
0.2361349
0.2304626
0.2192191
0.05283644
0.1916534
0.2202789
0.1198052
0.2368197
0.2271494
0.1855998
0.2196801
0.2297211
0.2840351
0.3606486
0.3361209
0.3731992
0.3440755
0.2569125
0.1598451
0.2272885
0.3230354
0.3394749
0.3724436
0.2803522
0.3532159
0.4179292
0.5103496
0.4157176
0.2318915
0.1525945
0.1423021
0.07487526
0.0429665
0.06915241
0.08120719
0.09608512
0.09763025
0.1101081
0.1239739
0.1363945
0.03820208
0.05497682
0.08935773
0.03754419
0.03341752
0.03124558
0.04658448
0.09338219
0.1521589
0.1509839
0.0594168
0.04045979
0.07458893
0.08080015
0.07541371
0.02209389
0.02088936
0.02358018
0.02598307
0.04218556
0.08758167
0.1004928
0.1071633
0.1633789
0.2266443
0.2215702
0.1730875
0.3283121
0.4597526
0.4997118
0.496049
0.2094158
0.1936754
0.2052967
0.227746
0.2211833
0.2055772
0.2202918
0.2292944
0.2216284
0.2998997
0
0.3731258
0.1263001
0.128805
0.5080327
0.6904061
0.3035739
0.2505095
0.2545874
0.2504394
0.2348838
0.1899265
0.2208397
0.1842898
0.218091
0.2028347
0.1738023
0.1740399
0.1840674
0.1707849
0.2308512
0.2255749
0.2558162
0.1590889
0.1800853
0.2507181
0.1842342
0.1487245
0.2416309
0.2773576
0.3970472
0.4216105
0.4715222
0.5716003
0.524493
0.5433381
0.4040496
0.3702316
0.349857
0.414415
0.2459564
0.2392653
0.1545331
0.1125135
0.07998458
0.0735138
0.03972163
0.01644744
0.03358595
0.07632376
0.1336496
0.1607301
0.07601615
0.06680711
0.06043795
0.07057782
0.1036153
0.1271009
0.1161476
0.05470137
0.1348555
0.2056713
0.1599863
0.08503656
0.02530995
0.01804283
0.2124623
0.1190272
0.03692475
0.04437924
0.173266
0.1450939
0.04146221
0.01831268
0.08083738
0.06976673
0.08256581
0.1150728
0.1641759
0.1997191
0.3653481
0.1117123
0.133019
0.1553735
0.2501056
0.2593476
0.2286092
0.2952109
0.2325126
0.1838225
0.2710566
0.2338095
0.09498076
0.09621254
0.1717515
0.160684
0.1107417
0.1682069
0.1101526
0.1788979
0.2134433
0.2352262
0.2796189
0.237014
0.2797796
0.09928638
0.1900558
0.2091742
0.2937735
0.2816594
0.3457648
0.2491393
0.2424614
0.2048674
0.2876682
0.2851858
0.3088108
0.4117511
0.2598357
0.2561915
0.189708
0.09821571
0.1103755
0.1538458
0.1443214
0.147288
0.09962283
0.08284603
0.07819287
0.06320965
0.05433356
0.02384436
0.178183
0.1500196
0.09082338
0.1096204
0.1257337
0.08205137
0.07648684
0.1436631
0.0731998
0.05238227
0.07107691
0.06754568
0.073671
0.08612759
0.1423157
0.09837521
0.08829118
0.1205561
0.129767
0.1436879
0.1493305
0.16331
0.1860097
0.2243675
0.2468824
0.2028411
0.2592277
0.4050898
0.5545903
0.598407
0.6556326
0.5341805
0.4469061
0.3453351
0.2831799
0.3853022
0.5330714
0.3766515
0.4007136
0.3150829
0.2336488
0.2169819
0.2578675
0.2578675
0.08898588
0.4052653
0.5080194
0.2942049
0.3048439
0.3716314
0.285125
0.1788131
0.08241331
0.09837356
0.2258124
0.2573727
0.3126223
0.2021828
0.1696868
0.07230079
0.1618727
0.09068706
0.1082814
0.1148591
0.1307276
0.1618788
0.1772934
0.3378324
0.4844499
0.4039344
0.3718536
0.2776492
0.301099
0.3306743
0.3567021
0.3296684
0.3093528
0.3352667
0.3378333
0.3993663
0.2518771
0.3035955
0.4085996
0.3315086
0.1406619
0.1150402
0.08193243
0.1835009
0.1200921
0.07928633
0.08647288
0.1055076
0.1088359
0.1205107
0.1332768
0.05658872
0.07870868
0.07411897
0.0276592
0.03623791
0.1574399
0.1823726
0.05334638
0.03915898
0.04375787
0.07137046
0.07749201
