0, True, 0.3531189, -0.02694702, 5.312304, 0, 00:00:00.0047607
1, True, 0.3760681, -0.02658081, 5.309487, 0, 00:00:00.0564754
2, True, 0.4552917, -0.02145386, 5.296209, 0, 00:00:00.4664461
3, True, 0.3105774, -0.0133667, 5.314313, 0, 00:00:00.8820372
4, True, 0.2026672, -0.002197266, 5.3267, 0, 00:00:01.2688284
5, True, 0.143158, -0.009185791, 5.332946, 0, 00:00:01.6650436
6, True, 0.03494263, -0.01916504, 5.342627, 0, 00:00:02.0623449
7, True, -0.1465759, -0.0189209, 5.344769, 0, 00:00:02.4906625
8, True, -0.3083496, 0.005157471, 5.349618, 0, 00:00:02.8823799
9, True, -0.4162292, -0.004089355, 5.348903, 0, 00:00:03.3026618
10, True, -0.5605164, 0.000213623, 5.343962, 0, 00:00:03.7216854
11, True, -0.7108459, -0.01358032, 5.343589, 0, 00:00:04.1155247
12, True, -0.8665466, -0.01431274, 5.336631, 0, 00:00:04.4990773
13, True, -0.9934387, -0.01522827, 5.329156, 0, 00:00:04.9299206
14, True, -1.149567, 0.01266479, 5.283072, 0, 00:00:05.3147671
15, True, -1.301727, 0.04699707, 5.245071, 0, 00:00:05.6963544
16, True, -1.481323, 0.000213623, 5.215611, 0, 00:00:06.0806652
17, True, -1.667999, -0.000579834, 5.190718, 0, 00:00:06.4640918
18, True, -1.810974, -0.01324463, 5.160178, 0, 00:00:06.8866286
19, True, -1.946503, -0.02215576, 5.122272, 0, 00:00:07.2912961
20, True, -2.08197, -0.02194214, 5.090845, 0, 00:00:07.7006878
21, True, -2.19519, -0.0050354, 5.055702, 0, 00:00:08.0960671
22, True, -2.375946, -0.0006103516, 4.977334, 0, 00:00:08.4817948
23, True, -2.539429, -0.01620483, 4.903622, 0, 00:00:08.8810851
24, True, -2.708984, 0.001678467, 4.821755, 0, 00:00:09.2757061
25, True, -2.882263, 0.02243042, 4.728859, 0, 00:00:09.6794096
26, True, -3.054749, 0.006378174, 4.64064, 0, 00:00:10.0793940
27, True, -3.240875, -0.01495361, 4.542273, 0, 00:00:10.4743056
28, True, -3.481171, 0.01156616, 4.401884, 0, 00:00:10.8872598
29, True, -3.59024, -0.01068115, 4.33996, 0, 00:00:11.3064025
30, True, -3.676941, -0.02398682, 4.282237, 0, 00:00:11.7068163
31, True, -3.82074, -0.008087158, 4.139602, 0, 00:00:12.0990988
32, True, -3.957703, 0.0005187988, 3.995031, 0, 00:00:12.5022184
33, True, -4.122101, 0.008239746, 3.837209, 0, 00:00:12.9194903
34, True, -4.312653, -0.01596069, 3.654677, 0, 00:00:13.3238712
35, True, -4.471191, -0.01174927, 3.480511, 0, 00:00:13.7156584
36, True, -4.605774, 3.051758E-05, 3.297465, 0, 00:00:14.0947516
37, True, -4.757904, 0.04257202, 3.080943, 0, 00:00:14.4818588
38, True, -4.961609, 0.05718994, 2.804106, 0, 00:00:14.8737810
39, True, -5.140686, 0.02209473, 2.558922, 0, 00:00:15.2799962
40, True, -5.263153, 0.06411743, 2.330964, 0, 00:00:15.6737784
39, False, -5.268005, 0.1202087, 2.22198, 0, 00:00:16.0616625
38, False, -5.226349, 0.1213074, 2.18513, 1, 00:00:16.4646491
37, False, -5.168915, 0.1415405, 2.21563, 1, 00:00:16.8507638
36, False, -4.92041, 0.1211853, 2.568228, 1, 00:00:17.2235513
35, False, -4.742462, 0.07461548, 2.745131, 1, 00:00:28.5737550
34, False, -4.743683, 0.09014893, 2.751124, 1, 00:00:28.9565465
33, False, -4.555634, 0.02536011, 2.974164, 1, 00:00:29.3507885
32, False, -4.200409, -0.02206421, 3.390483, 1, 00:00:29.7478534
31, False, -3.917145, -0.0003356934, 3.672588, 1, 00:00:30.1300315
30, False, -3.764374, -0.00390625, 3.798804, 1, 00:00:30.5317204
29, False, -3.688385, -0.005554199, 3.867762, 1, 00:00:30.9198546
28, False, -3.477234, -0.0218811, 4.039562, 1, 00:00:31.3194294
27, False, -3.314514, 0.001464844, 4.158758, 1, 00:00:31.7261981
26, False, -3.161621, -0.02563477, 4.259958, 1, 00:00:32.1006230
25, False, -2.987915, -0.01690674, 4.375858, 1, 00:00:32.5150985
24, False, -2.89267, -0.01516724, 4.436648, 1, 00:00:32.8979984
23, False, -2.83139, -0.01489258, 4.474925, 1, 00:00:33.2685615
22, False, -2.65451, 0.0007019043, 4.575769, 1, 00:00:33.6868604
21, False, -2.455048, -0.004119873, 4.668844, 1, 00:00:34.1159648
20, False, -2.315979, -0.01098633, 4.734453, 1, 00:00:34.5105780
19, False, -2.222656, -0.0222168, 4.776365, 1, 00:00:34.9160026
18, False, -2.108765, -0.004180908, 4.833439, 1, 00:00:35.3018072
17, False, -1.923981, 0.02633667, 4.911242, 1, 00:00:35.6823704
16, False, -1.744568, 0.04910278, 4.981273, 1, 00:00:36.0851897
15, False, -1.624878, 0.05227661, 5.022805, 1, 00:00:36.4892584
14, False, -1.479767, 0.05691528, 5.075889, 1, 00:00:36.8987319
13, False, -1.312012, 0.06170654, 5.120842, 1, 00:00:37.3112509
12, False, -1.207733, 0.05706787, 5.14696, 1, 00:00:37.7270311
11, False, -1.10907, 0.04421997, 5.170482, 1, 00:00:38.1325384
10, False, -0.9376831, 0.01831055, 5.212214, 1, 00:00:38.5343100
9, False, -0.785614, 0.01672363, 5.247715, 1, 00:00:38.9472583
8, False, -0.619751, 0.001678467, 5.281003, 1, 00:00:39.3622665
7, False, -0.488678, 0.002319336, 5.301098, 1, 00:00:39.7644053
6, False, -0.3460999, 0.01239014, 5.321599, 1, 00:00:40.1790423
5, False, -0.1756897, 0.01296997, 5.341351, 1, 00:00:40.5870339
4, False, 0.01263428, 0.004516602, 5.360157, 1, 00:00:40.9787956
3, False, 0.1687622, 0.01507568, 5.368932, 1, 00:00:41.3634284
2, False, 0.2942505, 0.01785278, 5.363614, 1, 00:00:41.7427155
1, False, 0.4291992, 0.02182007, 5.360615, 1, 00:00:42.1611710
0, False, 0.5523376, 0.01760864, 5.35329, 1, 00:00:42.5537233
1, True, 0.5419922, 0.006713867, 5.346666, 1, 00:00:42.9336574
2, True, 0.504303, 0.02093506, 5.351374, 1, 00:00:43.3567298
3, True, 0.4398193, 0.02935791, 5.344746, 1, 00:00:43.7475620
4, True, 0.2722778, 0.03118896, 5.347891, 1, 00:00:44.1215980
5, True, 0.1454163, 0.01235962, 5.345741, 1, 00:00:44.5360902
6, True, 0.02993774, 0.01098633, 5.345505, 1, 00:00:44.9524917
7, True, -0.1075745, 0.005065918, 5.341138, 1, 00:00:45.3356672
8, True, -0.2375488, -0.01254272, 5.334858, 1, 00:00:45.7441817
9, True, -0.3797607, -0.01971436, 5.323852, 1, 00:00:46.1624106
10, True, -0.5245972, -0.003692627, 5.310657, 1, 00:00:46.5946748
11, True, -0.7323303, 0.009613037, 5.284688, 1, 00:00:47.0157287
12, True, -0.9010315, 0.004302979, 5.256752, 1, 00:00:47.4363002
13, True, -1.054901, -0.0001831055, 5.229018, 1, 00:00:47.8222032
14, True, -1.238281, -0.03283691, 5.180505, 1, 00:00:48.2361450
15, True, -1.422424, -0.01022339, 5.119246, 1, 00:00:48.6513334
16, True, -1.564209, 0.01373291, 5.072889, 1, 00:00:49.0695417
17, True, -1.688232, 0.00189209, 5.038675, 1, 00:00:49.4777154
18, True, -1.755432, -0.008392334, 5.018447, 1, 00:00:49.8919457
19, True, -1.89325, -0.03942871, 4.965476, 1, 00:00:50.2827001
20, True, -2.068054, -0.04782104, 4.884257, 1, 00:00:50.6577464
21, True, -2.26181, -0.02038574, 4.809158, 1, 00:00:51.0446980
22, True, -2.422424, -0.02868652, 4.746739, 1, 00:00:51.4426452
23, True, -2.556396, -0.02832031, 4.686444, 1, 00:00:51.8358612
24, True, -2.656006, -0.0267334, 4.64274, 1, 00:00:52.2382265
25, True, -2.773682, -0.02896118, 4.581557, 1, 00:00:52.6346160
26, True, -2.990875, -0.03692627, 4.456836, 1, 00:00:53.0425377
27, True, -3.114532, -0.05941772, 4.384187, 1, 00:00:53.4483158
28, True, -3.238068, -0.05938721, 4.294454, 1, 00:00:53.8571276
29, True, -3.394196, -0.04089355, 4.191353, 1, 00:00:54.2321857
30, True, -3.532043, -0.03933716, 4.089024, 1, 00:00:54.6196061
31, True, -3.701477, -0.01638794, 3.950719, 1, 00:00:55.0351479
32, True, -3.886383, -0.01858521, 3.796652, 1, 00:00:55.4467660
33, True, -4.02652, -0.01873779, 3.669747, 1, 00:00:55.8432352
34, True, -4.198151, -0.0133667, 3.506505, 1, 00:00:56.2528574
35, True, -4.377869, -0.01296997, 3.321246, 1, 00:00:56.6702878
36, True, -4.51358, -0.004547119, 3.171632, 1, 00:00:57.0926582
37, True, -4.670319, 0.01852417, 2.986622, 1, 00:00:57.4767327
38, True, -4.843994, 0.01470947, 2.761727, 1, 00:00:57.8451513
39, True, -4.988434, 0.0196228, 2.543009, 1, 00:00:58.2265614
40, True, -5.181854, 0.02453613, 2.205086, 1, 00:00:58.6073206
39, False, -5.317078, 0.02227783, 1.950318, 2, 00:00:59.0373998
38, False, -5.305511, 0.01394653, 1.954873, 2, 00:00:59.4038029
37, False, -5.141388, 0.03427124, 2.054279, 2, 00:00:59.8143250
36, False, -4.899261, 0.0597229, 2.296719, 2, 00:01:00.1964036
35, False, -4.650085, 0.04611206, 2.658973, 2, 00:01:00.5846018
34, False, -4.423004, 0.04812622, 2.965703, 2, 00:01:00.9390266
33, False, -4.228363, 0.04244995, 3.188349, 2, 00:01:01.3460297
32, False, -4.061432, 0.05947876, 3.359354, 2, 00:01:01.7245596
31, False, -3.968475, 0.07156372, 3.446005, 2, 00:01:02.1109953
30, False, -3.79892, 0.06686401, 3.601362, 2, 00:01:02.5021947
29, False, -3.593964, 0.05819702, 3.77233, 2, 00:01:02.8965539
28, False, -3.44696, 0.06784058, 3.889259, 2, 00:01:03.2985037
27, False, -3.284546, 0.08087158, 4.010895, 2, 00:01:03.7190308
26, False, -3.126678, 0.0869751, 4.117626, 2, 00:01:04.0951789
25, False, -3.000305, 0.08172607, 4.196668, 2, 00:01:04.4865940
24, False, -2.920349, 0.06311035, 4.270885, 2, 00:01:04.8820431
23, False, -2.814606, 0.02026367, 4.404241, 2, 00:01:05.2808480
22, False, -2.70047, 0.03170776, 4.548475, 2, 00:01:05.6872868
21, False, -2.600067, 0.001739502, 4.691076, 2, 00:01:06.0866213
20, False, -2.451447, 0.003051758, 4.785072, 2, 00:01:06.4796906
19, False, -2.245026, 0.02401733, 4.885256, 2, 00:01:06.8655651
18, False, -2.100861, 0.0289917, 4.945301, 2, 00:01:07.2616572
17, False, -1.934296, 0.01306152, 5.018091, 2, 00:01:07.6489810
16, False, -1.766937, 0.006958008, 5.074656, 2, 00:01:08.0474875
15, False, -1.603363, 0.01409912, 5.12671, 2, 00:01:08.4355105
14, False, -1.445801, 0.03359985, 5.174464, 2, 00:01:08.8492416
13, False, -1.326233, 0.03393555, 5.206411, 2, 00:01:09.2320981
12, False, -1.163391, 0.04101563, 5.247593, 2, 00:01:09.6357838
11, False, -1.021515, 0.04220581, 5.278444, 2, 00:01:10.0143295
10, False, -0.870636, 0.05187988, 5.306914, 2, 00:01:10.4287125
9, False, -0.7479248, 0.05038452, 5.323711, 2, 00:01:10.8197268
8, False, -0.6119385, 0.03079224, 5.344592, 2, 00:01:11.2169207
7, False, -0.4377441, 0.05834961, 5.364185, 2, 00:01:11.6100717
6, False, -0.2932434, 0.06500244, 5.379112, 2, 00:01:11.9839049
5, False, -0.1434937, 0.06408691, 5.397327, 2, 00:01:12.3802944
4, False, 0.01364136, 0.05392456, 5.402085, 2, 00:01:12.7856284
3, False, 0.1589966, 0.04605103, 5.413365, 2, 00:01:13.1828194
2, False, 0.3204651, 0.03018188, 5.435364, 2, 00:01:13.5709290
1, False, 0.5285034, 0.01651001, 5.418403, 2, 00:01:13.9739225
0, False, 0.596405, 0.0218811, 5.408684, 2, 00:01:14.3650836
1, True, 0.6341858, 0.0446167, 5.399556, 2, 00:01:14.7593098
2, True, 0.6422119, 0.04483032, 5.391809, 2, 00:01:15.1718455
3, True, 0.5808716, 0.002288818, 5.396327, 2, 00:01:15.5600644
4, True, 0.3993835, -0.008148193, 5.404109, 2, 00:01:15.9653236
5, True, 0.1782837, -0.007537842, 5.402699, 2, 00:01:16.3609293
6, True, -0.01431274, -0.003295898, 5.400376, 2, 00:01:16.7662082
7, True, -0.178009, 0.0111084, 5.392846, 2, 00:01:17.1685145
8, True, -0.2809448, 0.02304077, 5.3875, 2, 00:01:17.5564508
9, True, -0.4033203, 0.02697754, 5.375525, 2, 00:01:17.9723895
10, True, -0.57547, 0.01403809, 5.352526, 2, 00:01:18.3555079
11, True, -0.7784729, 0.007171631, 5.325598, 2, 00:01:18.7543531
12, True, -0.9667969, -0.002044678, 5.295916, 2, 00:01:19.1584849
13, True, -1.11731, -0.00692749, 5.272909, 2, 00:01:19.5458117
14, True, -1.287842, 0.00201416, 5.241033, 2, 00:01:19.9497790
15, True, -1.407196, -0.0001525879, 5.214692, 2, 00:01:20.3485661
16, True, -1.531311, -0.003723145, 5.178867, 2, 00:01:20.7656125
17, True, -1.667603, 0.00289917, 5.140707, 2, 00:01:21.1715944
18, True, -1.79776, -0.01309204, 5.097977, 2, 00:01:21.5494292
19, True, -1.973145, -0.006103516, 5.03835, 2, 00:01:21.9303027
20, True, -2.171631, 0.009063721, 4.965855, 2, 00:01:22.3126068
21, True, -2.331055, 0.01159668, 4.904075, 2, 00:01:22.7355640
22, True, -2.383636, 0.01748657, 4.879052, 2, 00:01:23.1172449
23, True, -2.4776, 0.00604248, 4.826962, 2, 00:01:23.5340766
24, True, -2.607849, -0.004333496, 4.759215, 2, 00:01:23.9339656
25, True, -2.767609, -0.01296997, 4.682488, 2, 00:01:24.3063208
26, True, -2.970093, 0.0009460449, 4.574702, 2, 00:01:24.7199899
27, True, -3.182922, 0.02667236, 4.451263, 2, 00:01:25.1172941
28, True, -3.328339, 0.01443481, 4.354187, 2, 00:01:25.5256815
29, True, -3.462524, 0.01681519, 4.263548, 2, 00:01:25.9348911
30, True, -3.620636, 0.02789307, 4.151378, 2, 00:01:26.3009879
31, True, -3.734772, 0.02886963, 4.063102, 2, 00:01:26.6975438
32, True, -3.926514, 0.01818848, 3.904899, 2, 00:01:27.1004104
33, True, -4.099731, -0.02529907, 3.740686, 2, 00:01:27.4827726
34, True, -4.249329, -0.00213623, 3.581651, 2, 00:01:27.8980771
35, True, -4.375671, -0.02755737, 3.37972, 2, 00:01:28.2958313
36, True, -4.489624, 0.0005187988, 3.156848, 2, 00:01:28.6953569
37, True, -4.57019, 0.01187134, 2.981524, 2, 00:01:29.0732823
38, True, -4.685059, 0.01147461, 2.777184, 2, 00:01:29.4524868
39, True, -4.92157, 0.02670288, 2.417151, 2, 00:01:29.8455491
