2, True, 0.6138611, -0.03070068, 5.242022, 0, 00:02:06.8958715
3, True, 0.7720032, -0.08370972, 5.227804, 0, 00:02:07.3285659
4, True, 0.5298767, -0.09811401, 5.251443, 0, 00:02:07.8422329
5, True, 0.1873779, -0.05877686, 5.262145, 0, 00:02:08.2924963
6, True, -0.03720093, -0.06140137, 5.250874, 0, 00:02:08.7265584
7, True, -0.241394, -0.0496521, 5.232257, 0, 00:02:09.1577493
8, True, -0.3365479, -0.06646729, 5.235282, 0, 00:02:09.5747150
9, True, -0.4982605, -0.1372681, 5.24304, 0, 00:02:10.0271851
10, True, -0.6394653, -0.1593323, 5.252164, 0, 00:02:10.4587353
11, True, -0.7792664, -0.06536865, 5.253631, 0, 00:02:10.9253322
12, True, -0.9546204, 0.06414795, 5.230413, 0, 00:02:11.3566254
13, True, -1.190247, -0.04092407, 5.186274, 0, 00:02:11.9073771
14, True, -1.383453, -0.07461548, 5.132609, 0, 00:02:12.3569189
15, True, -1.380859, -0.04116821, 5.139226, 0, 00:02:12.8408819
16, True, -1.448395, 0.001800537, 5.111854, 0, 00:02:13.3228087
17, True, -1.625305, 0.06594849, 5.058298, 0, 00:02:13.8433199
18, True, -1.892883, 0.01123047, 4.970085, 0, 00:02:14.3367641
19, True, -2.035614, -0.05239868, 4.91443, 0, 00:02:14.7712053
20, True, -2.154694, -0.03475952, 4.868892, 0, 00:02:15.2717508
21, True, -2.314026, -0.002471924, 4.802923, 0, 00:02:15.7211902
22, True, -2.468903, -0.003479004, 4.721313, 0, 00:02:16.2080618
23, True, -2.549194, 0.008758545, 4.678293, 0, 00:02:16.6705113
24, True, -2.581268, 0.007415771, 4.663933, 0, 00:02:17.1007993
25, True, -2.750458, -0.003692627, 4.568041, 0, 00:02:17.5199332
26, True, -3.065887, -0.03967285, 4.360655, 0, 00:02:18.0359760
27, True, -3.210327, -0.01174927, 4.260554, 0, 00:02:18.5172313
28, True, -3.401947, 0.01364136, 4.117658, 0, 00:02:19.0180830
29, True, -3.574646, 0.03479004, 3.95621, 0, 00:02:19.5169733
30, True, -3.585297, 0.02966309, 3.94364, 0, 00:02:20.0155416
31, True, -3.536591, 0.05136108, 3.994174, 0, 00:02:20.4304937
32, True, -3.616455, 0.01068115, 3.935966, 0, 00:02:20.8498826
33, True, -3.862122, 0.005706787, 3.684851, 0, 00:02:21.3479084
34, True, -3.993011, 0.02487183, 3.540934, 0, 00:02:21.7631627
35, True, -4.263641, 0.03485107, 3.178338, 0, 00:02:22.2654363
36, True, -4.442261, 0.02386475, 2.919615, 0, 00:02:22.7554756
37, True, -4.498169, 0.025177, 2.84048, 0, 00:02:23.2490360
38, True, -4.617523, 0.1007385, 2.698577, 0, 00:02:23.6947829
39, True, -4.742554, 0.06582642, 2.436357, 0, 00:02:24.1960432
40, True, -4.824188, 0.04968262, 2.256582, 0, 00:02:24.6120440
39, False, -4.895813, 0.04019165, 2.089282, 1, 00:02:25.0272520
38, False, -4.959534, 0.08377075, 1.875929, 1, 00:02:25.4450537
37, False, -4.963165, 0.05505371, 1.854328, 1, 00:02:25.8605670
36, False, -4.616913, 0.01773071, 2.666723, 1, 00:02:26.3612375
35, False, -4.232239, 0.1034851, 3.232476, 1, 00:02:26.7773131
34, False, -3.920532, 0.06552124, 3.569377, 1, 00:02:27.1917984
33, False, -3.724518, 0.04943848, 3.776574, 1, 00:02:27.6922179
32, False, -3.699432, 0.06503296, 3.800501, 1, 00:02:28.1091521
31, False, -3.750763, -0.003723145, 3.717318, 1, 00:02:28.5242971
30, False, -3.761597, -0.05819702, 3.697966, 1, 00:02:29.0255575
29, False, -3.589996, -0.03408813, 3.87801, 1, 00:02:29.5272648
28, False, -3.187866, -0.02548218, 4.218244, 1, 00:02:30.0260212
27, False, -2.830292, -0.00680542, 4.464032, 1, 00:02:30.5258755
26, False, -2.775177, 0.008117676, 4.472099, 1, 00:02:30.9390966
25, False, -3.050201, -0.1290283, 4.207713, 1, 00:02:31.3571020
24, False, -2.998535, -0.1290283, 4.266846, 1, 00:02:31.7752020
23, False, -2.807068, -0.03768921, 4.426385, 1, 00:02:32.1891379
22, False, -2.611359, -0.01361084, 4.559886, 1, 00:02:32.6070863
21, False, -2.425201, -0.08868408, 4.681797, 1, 00:02:33.1229617
20, False, -2.234802, -0.05233765, 4.789497, 1, 00:02:33.5382358
19, False, -2.052063, -0.01651001, 4.88106, 1, 00:02:34.0348348
18, False, -2.016357, -0.02389526, 4.892845, 1, 00:02:34.4673293
17, False, -2.024536, -0.01324463, 4.886976, 1, 00:02:34.9081058
16, False, -1.828796, -0.04092407, 4.978938, 1, 00:02:35.3713056
15, False, -1.569611, -0.07611084, 5.083873, 1, 00:02:35.8030823
14, False, -1.399475, -0.03488159, 5.141297, 1, 00:02:36.2513302
13, False, -1.267059, -0.0328064, 5.171535, 1, 00:02:36.6687547
12, False, -1.200104, -0.05026245, 5.182874, 1, 00:02:37.0875312
11, False, -1.110596, -0.0552063, 5.198154, 1, 00:02:37.5514783
10, False, -0.9359436, -0.03912354, 5.234099, 1, 00:02:38.0021563
9, False, -0.7068176, -0.02383423, 5.268917, 1, 00:02:38.4498341
8, False, -0.5505066, -0.04943848, 5.291176, 1, 00:02:38.9472051
7, False, -0.454834, -0.06274414, 5.307786, 1, 00:02:39.4486181
6, False, -0.2998047, -0.02142334, 5.321947, 1, 00:02:39.8817477
5, False, -0.06808472, -0.002593994, 5.336228, 1, 00:02:40.3004464
4, False, 0.09817505, 0.01104736, 5.335064, 1, 00:02:40.7163664
3, False, 0.2492065, 0.01287842, 5.332195, 1, 00:02:41.1661444
2, False, 0.3249817, 0.02163696, 5.32249, 1, 00:02:41.5806967
1, False, 0.3254395, 0.03225708, 5.312419, 1, 00:02:42.0116700
0, False, 0.3320313, 0.03204346, 5.30836, 1, 00:02:42.4305341
1, True, 0.5863342, 0.001617432, 5.306778, 1, 00:02:42.8648177
2, True, 0.8125, -0.02328491, 5.293893, 1, 00:02:43.3641285
3, True, 0.7123108, -0.003875732, 5.292629, 1, 00:02:43.7992835
4, True, 0.1485901, 0.0196228, 5.290331, 1, 00:02:44.2462002
5, True, -0.2340393, -0.1580811, 5.280199, 1, 00:02:44.7130314
4, True, -0.4467773, -0.1836853, 5.27172, 1, 00:02:45.2152114
3, False, -0.4885864, -0.01052856, 5.292623, 1, 00:02:45.6459769
2, False, -0.3768921, 0.0614624, 5.326145, 1, 00:02:46.0933750
1, False, 0.1491394, 0.06304932, 5.363872, 1, 00:02:46.5618752
0, False, 0.4483643, 0.06954956, 5.359427, 1, 00:02:46.9957975
0, True, 0.6159058, 0.02166748, 5.348082, 1, 00:02:47.4433030
1, True, 0.6218872, 0.0149231, 5.348323, 1, 00:02:47.5249627
2, True, 0.5983276, 0.008636475, 5.355109, 1, 00:02:48.0793990
3, True, 0.4728394, 0.02133179, 5.370099, 1, 00:02:48.5275484
4, True, 0.2847595, 0.006164551, 5.378079, 1, 00:02:48.9785337
5, True, 0.02584839, 0.02142334, 5.364887, 1, 00:02:49.3942311
6, True, -0.2208862, 0.04592896, 5.346224, 1, 00:02:49.8399426
7, True, -0.3486938, 0.02807617, 5.342909, 1, 00:02:50.2896261
8, True, -0.376709, 0.02789307, 5.345507, 1, 00:02:50.7398295
9, True, -0.4361877, 0.03594971, 5.348286, 1, 00:02:51.1561207
10, True, -0.6956482, 0.02957153, 5.324691, 1, 00:02:51.5903610
11, True, -0.9501648, 0.03085327, 5.28178, 1, 00:02:52.0403085
12, True, -1.027191, -0.008087158, 5.268342, 1, 00:02:52.4716539
13, True, -1.053223, 0.01025391, 5.274554, 1, 00:02:52.8896249
14, True, -1.423096, 0.01559448, 5.200943, 1, 00:02:53.3873386
15, True, -1.633362, 0.01046753, 5.14095, 1, 00:02:53.8893630
16, True, -1.828186, 0.04296875, 5.057639, 1, 00:02:54.3854284
17, True, -1.669983, 0.01596069, 5.12034, 1, 00:02:54.9052552
18, True, -1.568726, -0.01611328, 5.150867, 1, 00:02:55.3354733
19, True, -1.728638, -0.02062988, 5.104697, 1, 00:02:55.7531971
20, True, -1.908722, -0.0009765625, 5.036983, 1, 00:02:56.1688699
21, True, -2.207489, -0.02990723, 4.914141, 1, 00:02:56.6686533
22, True, -2.435303, -0.02804565, 4.810847, 1, 00:02:57.1672778
23, True, -2.567596, -0.004730225, 4.743819, 1, 00:02:57.6659406
24, True, -2.732025, 0.02294922, 4.653503, 1, 00:02:58.1673427
25, True, -2.861755, 0.04006958, 4.57445, 1, 00:02:58.5861901
26, True, -2.981415, 0.04824829, 4.50141, 1, 00:02:58.9997351
27, True, -3.140564, 0.0604248, 4.401374, 1, 00:02:59.4991266
28, True, -3.315125, 0.068573, 4.271006, 1, 00:02:59.9153203
29, True, -3.471771, 0.08056641, 4.135407, 1, 00:03:00.3324228
30, True, -3.544647, 0.06869507, 4.073428, 1, 00:03:00.7491285
31, True, -3.66507, 0.04367065, 3.972048, 1, 00:03:01.2505710
32, True, -3.880463, 0.02218628, 3.755737, 1, 00:03:01.7478052
33, True, -4.035889, 0.02157593, 3.584422, 1, 00:03:02.2482010
34, True, -4.087921, 0.009735107, 3.526039, 1, 00:03:02.6637852
35, True, -4.238281, 0.005371094, 3.355912, 1, 00:03:03.1627395
36, True, -4.417175, 0.01480103, 3.096284, 1, 00:03:03.6463028
37, True, -4.565918, -0.02337646, 2.8629, 1, 00:03:04.1097094
38, True, -4.652924, -0.03204346, 2.727652, 1, 00:03:04.5794630
39, True, -4.750458, 0.01254272, 2.550848, 1, 00:03:04.9957620
40, True, -4.878448, 0.05285645, 2.274016, 1, 00:03:05.4433108
39, False, -5.016785, -0.01113892, 1.863558, 2, 00:03:05.8938491
38, False, -5.075073, -0.003173828, 1.680006, 2, 00:03:06.3928250
37, False, -4.990112, -0.01968384, 2.009292, 2, 00:03:06.8094835
36, False, -4.675934, -0.009857178, 2.673121, 2, 00:03:07.2417141
35, False, -4.334229, -0.02053833, 3.171057, 2, 00:03:07.7424969
34, False, -4.349091, -0.04406738, 3.106635, 2, 00:03:08.2419534
33, False, -4.313446, -0.05303955, 3.171314, 2, 00:03:08.6591524
32, False, -4.167694, -0.05371094, 3.370307, 2, 00:03:09.0766272
31, False, -3.95224, -0.0100708, 3.613504, 2, 00:03:09.5783050
30, False, -3.673309, -0.0133667, 3.906851, 2, 00:03:10.0735009
29, False, -3.539154, -0.04910278, 4.027206, 2, 00:03:10.5750842
28, False, -3.599335, -0.03338623, 3.954155, 2, 00:03:11.0734684
27, False, -3.514862, -0.04000854, 4.044474, 2, 00:03:11.4886036
26, False, -3.351349, -0.05499268, 4.19027, 2, 00:03:11.9887297
25, False, -3.137177, -0.03213501, 4.350875, 2, 00:03:12.4873551
24, False, -2.807922, -0.04495239, 4.56938, 2, 00:03:12.9862247
23, False, -2.635376, -0.0295105, 4.671515, 2, 00:03:13.4859648
22, False, -2.394226, 0.0177002, 4.791878, 2, 00:03:13.9853848
21, False, -2.366882, 0.0002746582, 4.79871, 2, 00:03:14.4849496
20, False, -2.404449, 0.0005493164, 4.778217, 2, 00:03:14.9850116
19, False, -2.260651, -0.01153564, 4.84972, 2, 00:03:15.4841294
18, False, -2.010834, -0.0177002, 4.957861, 2, 00:03:15.9867555
17, False, -1.7883, 0.006256104, 5.046919, 2, 00:03:16.4857127
16, False, -1.725311, 0.003265381, 5.064928, 2, 00:03:16.9860278
15, False, -1.480133, -0.01806641, 5.140505, 2, 00:03:17.4847015
14, False, -1.216003, -0.01202393, 5.207994, 2, 00:03:17.9840664
13, False, -1.186096, -0.01651001, 5.218218, 2, 00:03:18.4174323
12, False, -1.280182, 0.006622314, 5.195709, 2, 00:03:18.8491579
11, False, -1.131714, -0.04318237, 5.241166, 2, 00:03:19.2697441
10, False, -0.9346619, -0.0328064, 5.283205, 2, 00:03:19.7336134
9, False, -0.8378296, -0.01583862, 5.294323, 2, 00:03:20.1668731
8, False, -0.6524353, -0.02481079, 5.327176, 2, 00:03:20.6679700
7, False, -0.4211426, 0.005767822, 5.35416, 2, 00:03:21.0815386
6, False, -0.2826233, 0.05725098, 5.370953, 2, 00:03:21.5133921
5, False, -0.2047729, 0.05484009, 5.370801, 2, 00:03:21.9645586
4, False, -0.1325073, 0.04412842, 5.372208, 2, 00:03:22.4144498
3, False, 0.008453369, 0.02160645, 5.375225, 2, 00:03:22.8288505
2, False, 0.2593079, 0.04476929, 5.375093, 2, 00:03:23.3296766
1, False, 0.4195251, 0.0741272, 5.362258, 2, 00:03:23.7458713
0, False, 0.5480957, 0.09265137, 5.352974, 2, 00:03:24.2470933
1, True, 0.6613464, 0.04788208, 5.34567, 2, 00:03:24.7448345
2, True, 0.7122803, 0.05978394, 5.342714, 2, 00:03:25.1769263
3, True, 0.6601563, 0.0585022, 5.344734, 2, 00:03:25.6103336
4, True, 0.3148804, 0.04370117, 5.358104, 2, 00:03:26.0274618
5, True, 0.003723145, 0.09005737, 5.363376, 2, 00:03:26.4777253
6, True, -0.1972656, -0.05212402, 5.339852, 2, 00:03:26.9084317
7, True, -0.3613281, -0.05206299, 5.326936, 2, 00:03:27.4097432
8, True, -0.4179688, -0.03939819, 5.33352, 2, 00:03:27.9078182
9, True, -0.5421143, -0.06408691, 5.330229, 2, 00:03:28.3243556
10, True, -0.820343, -0.09561157, 5.293344, 2, 00:03:28.8241409
11, True, -1.046173, -0.1056824, 5.260387, 2, 00:03:29.2407344
12, True, -1.141266, -0.08605957, 5.250771, 2, 00:03:29.7407315
13, True, -1.242493, -0.05929565, 5.235463, 2, 00:03:30.2391954
14, True, -1.41748, -0.06048584, 5.191006, 2, 00:03:30.6735559
15, True, -1.626892, -0.05532837, 5.130758, 2, 00:03:31.1740935
16, True, -1.789063, -0.05300903, 5.079935, 2, 00:03:31.6708501
17, True, -1.806641, -0.04440308, 5.075428, 2, 00:03:32.0889097
18, True, -1.754974, -0.03521729, 5.101308, 2, 00:03:32.5068935
19, True, -2.027893, -0.07397461, 4.987837, 2, 00:03:33.0046829
20, True, -2.256683, -0.06600952, 4.887184, 2, 00:03:33.4187803
21, True, -2.327087, -0.07174683, 4.853262, 2, 00:03:33.9207033
22, True, -2.489105, -0.04486084, 4.769987, 2, 00:03:34.3378669
23, True, -2.671692, -0.02645874, 4.680326, 2, 00:03:34.8376178
24, True, -2.712494, -0.04345703, 4.673546, 2, 00:03:35.3357174
25, True, -2.768616, -0.04125977, 4.643309, 2, 00:03:35.7519308
26, True, -2.909576, -0.02661133, 4.556277, 2, 00:03:36.2530602
27, True, -3.101715, -0.00881958, 4.424579, 2, 00:03:36.7160099
28, True, -3.240448, -0.002410889, 4.315784, 2, 00:03:37.2168725
29, True, -3.373566, -0.02252197, 4.203044, 2, 00:03:37.7173126
30, True, -3.472321, -0.02038574, 4.124231, 2, 00:03:38.1323917
31, True, -3.681427, -0.007324219, 3.94699, 2, 00:03:38.5503794
32, True, -3.884644, 0.01275635, 3.750243, 2, 00:03:38.9675952
33, True, -3.967743, 0.03369141, 3.662514, 2, 00:03:39.4662974
34, True, -4.066315, -0.01992798, 3.54852, 2, 00:03:39.9494216
35, True, -4.273071, -0.01361084, 3.264754, 2, 00:03:40.4479613
36, True, -4.369843, 0.006774902, 3.13318, 2, 00:03:40.9466468
37, True, -4.488586, 0.02685547, 2.950019, 2, 00:03:41.4294697
38, True, -4.630127, 0.05505371, 2.707716, 2, 00:03:41.8483987
39, True, -4.7229, 0.0489502, 2.525455, 2, 00:03:42.2635901
40, True, -4.80838, -0.02249146, 2.309747, 2, 00:03:42.6802269
