0.365387, 0.1064453 , 5.444069 , 0
0.3995361, 0.0947876 , 5.447382 , 0
0.6224365, 0.01266479 , 5.468993 , 0
0.4878845, -0.0553894 , 5.491655 , 0
0.1878662, -0.06454468 , 5.491498 , 0
-0.006591797, -0.02105713 , 5.487835 , 0
-0.2106934, -0.01278687 , 5.476323 , 0
-0.3417358, -0.007507324 , 5.472498 , 0
-0.5079346, 0.02960205 , 5.452421 , 0
-0.6172485, 0.02337646 , 5.437786 , 0
-0.7579956, 0.01818848 , 5.417655 , 0
-0.8791504, 0.02255249 , 5.395729 , 0
-0.9966431, 0.01190186 , 5.371325 , 0
-1.138855, 0.01940918 , 5.338196 , 0
-1.273804, 0.0222168 , 5.306666 , 0
-1.419434, 0.008789063 , 5.265618 , 0
-1.550049, 0.01074219 , 5.223536 , 0
-1.736633, -0.005706787 , 5.155376 , 0
-1.879059, -0.01727295 , 5.105832 , 0
-1.998047, -0.01062012 , 5.05864 , 0
-2.157928, -0.01757813 , 4.981379 , 0
-2.318176, -0.009338379 , 4.893069 , 0
-2.411957, -0.01077271 , 4.83193 , 0
-2.511078, -0.0249939 , 4.778134 , 0
-2.649017, -0.04354858 , 4.706044 , 0
-2.840057, -0.01849365 , 4.583832 , 0
-3.035553, 0.02554321 , 4.42747 , 0
-3.158417, 0.01852417 , 4.32386 , 0
-3.268921, 0.02600098 , 4.234225 , 0
-3.428467, 0.0168457 , 4.092018 , 0
-3.561249, 0.007415771 , 3.980408 , 0
-3.67804, -0.0002746582 , 3.886129 , 0
-3.844055, 0.02175903 , 3.713511 , 0
-3.968475, 0.0291748 , 3.558511 , 0
-4.109558, 0.006530762 , 3.373655 , 0
-4.211578, -0.01239014 , 3.227654 , 0
-4.369324, -0.0324707 , 3.010152 , 0
-4.503967, -0.04431152 , 2.788524 , 0
-4.614929, -0.04559326 , 2.560178 , 0
-4.780304, -0.0788269 , 2.207722 , 0
-4.90799, -0.06784058 , 1.889098 , 1
-4.932159, -0.05328369 , 1.825042 , 1
-4.932831, -0.06652832 , 1.839099 , 1
-4.877106, -0.0647583 , 1.98424 , 1
-4.736816, -0.03912354 , 2.325571 , 1
-4.574799, -0.04370117 , 2.667212 , 1
-4.417511, -0.003509521 , 2.92583 , 1
-4.265472, -0.006225586 , 3.145862 , 1
-4.091156, -0.02246094 , 3.382256 , 1
-3.908752, -0.007843018 , 3.606237 , 1
-3.745789, -0.01638794 , 3.781199 , 1
-3.625275, -0.003967285 , 3.895698 , 1
-3.494629, 0.006103516 , 4.008499 , 1
-3.352631, -0.01443481 , 4.126841 , 1
-3.221802, -0.0027771 , 4.236036 , 1
-3.074982, 0.0199585 , 4.351251 , 1
-2.922302, 0.01144409 , 4.460196 , 1
-2.807404, 0.01290894 , 4.544103 , 1
-2.680817, 0.01379395 , 4.622689 , 1
-2.547058, 0.005004883 , 4.704209 , 1
-2.373932, 0.001556396 , 4.799942 , 1
-2.207458, 0.01098633 , 4.885515 , 1
-1.992065, 0.0223999 , 4.983445 , 1
-1.741425, 0.01370239 , 5.082533 , 1
-1.60968, 0.006561279 , 5.126514 , 1
-1.488495, -0.01239014 , 5.168574 , 1
-1.384308, -0.03668213 , 5.200032 , 1
-1.271332, -0.03131104 , 5.235603 , 1
-1.144226, -0.03012085 , 5.275094 , 1
-0.9875488, -0.00769043 , 5.312493 , 1
-0.8379822, -0.01074219 , 5.344251 , 1
-0.6882324, -0.01559448 , 5.374352 , 1
-0.5270081, 0.01437378 , 5.400316 , 1
-0.3685913, 0.03573608 , 5.416634 , 1
-0.2275391, 0.03878784 , 5.429676 , 1
-0.09609985, 0.02694702 , 5.442605 , 1
0.06109619, 0.01971436 , 5.448886 , 1
0.1940918, 0.006652832 , 5.451841 , 1
0.3690186, 0.01751709 , 5.45698 , 1
0.5264587, 0.02175903 , 5.458718 , 1
0.7193604, 0.008789063 , 5.452853 , 1
0.8211365, -0.01977539 , 5.449092 , 1
0.8321838, -0.02783203 , 5.450343 , 1
0.6758118, -0.05136108 , 5.468612 , 1
0.5144043, -0.06790161 , 5.479967 , 1
0.3351135, -0.07327271 , 5.493764 , 1
0.158844, -0.05966187 , 5.492917 , 1
-0.03112793, -0.04418945 , 5.484607 , 1
-0.2419128, -0.01818848 , 5.474129 , 1
-0.4264221, -0.01223755 , 5.450047 , 1
-0.602417, -0.0133667 , 5.425054 , 1
-0.8050537, -0.0206604 , 5.39394 , 1
-0.9755554, -0.03823853 , 5.362824 , 1
-1.121124, -0.02871704 , 5.329723 , 1
-1.243469, -0.0227356 , 5.302389 , 1
-1.39563, -0.006195068 , 5.261107 , 1
-1.586182, 0.001800537 , 5.197954 , 1
-1.74176, 0.0078125 , 5.138746 , 1
-1.899078, 0.02584839 , 5.073752 , 1
-2.044495, 0.04571533 , 5.005263 , 1
-2.176147, 0.04827881 , 4.938887 , 1
-2.331543, 0.05764771 , 4.863369 , 1
-2.531342, 0.05004883 , 4.760749 , 1
-2.68692, 0.05322266 , 4.677313 , 1
-2.801208, 0.04122925 , 4.608595 , 1
-2.936188, 0.05340576 , 4.523819 , 1
-3.05835, 0.03942871 , 4.428865 , 1
-3.173859, 0.04110718 , 4.330346 , 1
-3.299194, 0.02581787 , 4.226894 , 1
-3.402496, 0.02972412 , 4.141366 , 1
-3.570374, 0.03158569 , 3.989959 , 1
-3.736877, 0.007446289 , 3.832587 , 1
-3.919525, -0.0005187988 , 3.632157 , 1
-4.077637, 0.02218628 , 3.437404 , 1
-4.193817, 0.03231812 , 3.294764 , 1
-4.275238, 0.02850342 , 3.178144 , 1
-4.412384, 0.009490967 , 2.974296 , 1
-4.558258, 0.03137207 , 2.733455 , 1
-4.697906, 0.005371094 , 2.454458 , 1
-4.805634, -0.03015137 , 2.218787 , 1
-4.872589, -0.06369019 , 2.05314 , 2
-4.932831, -0.07266235 , 1.920108 , 2
-4.921082, -0.04464722 , 1.972346 , 2
-4.815918, -0.03225708 , 2.227871 , 2
-4.670929, -0.01370239 , 2.526795 , 2
-4.527618, -0.01998901 , 2.77755 , 2
-4.371033, -0.04034424 , 3.020161 , 2
-4.250946, -0.01547241 , 3.195181 , 2
-4.119202, -0.002258301 , 3.363636 , 2
-3.954529, 0.006439209 , 3.562651 , 2
-3.77597, 0.02502441 , 3.759338 , 2
-3.566711, 0.06665039 , 3.964048 , 2
-3.37326, 0.06137085 , 4.135074 , 2
-3.237396, 0.06594849 , 4.246296 , 2
-3.046753, 0.06134033 , 4.388845 , 2
-2.846588, 0.0663147 , 4.526228 , 2
-2.701569, 0.06237793 , 4.623555 , 2
-2.611053, 0.0534668 , 4.676331 , 2
-2.503571, 0.04281616 , 4.733834 , 2
-2.340607, 0.03991699 , 4.816638 , 2
-2.19516, 0.02838135 , 4.888679 , 2
-2.040222, 0.02191162 , 4.96281 , 2
-1.870544, -0.01202393 , 5.040863 , 2
-1.709656, -0.02368164 , 5.105329 , 2
-1.544037, -0.0295105 , 5.161217 , 2
-1.40155, -0.05529785 , 5.213781 , 2
-1.239288, -0.03799438 , 5.267721 , 2
-1.055023, -0.02688599 , 5.311668 , 2
-0.9006958, -0.04248047 , 5.344889 , 2
-0.7766113, -0.02911377 , 5.369534 , 2
-0.6392212, -0.02642822 , 5.394503 , 2
-0.4926453, -0.00970459 , 5.418224 , 2
-0.3031921, 0.009246826 , 5.442636 , 2
-0.07794189, 0.01367188 , 5.462156 , 2
0.05963135, 0.01321411 , 5.470129 , 2
0.1565247, 0.01144409 , 5.475338 , 2
0.2650757, 0.04006958 , 5.475432 , 2
0.347229, 0.03424072 , 5.477278 , 2
0.4873657, 0.01843262 , 5.479725 , 2
0.5418701, 0.003814697 , 5.481945 , 2
0.6224976, -0.009552002 , 5.482402 , 2
0.6981506, -0.01296997 , 5.48389 , 2
0.7020874, -0.0201416 , 5.484749 , 2
0.6034241, -0.03182983 , 5.493665 , 2
0.4827881, -0.03955078 , 5.502345 , 2
0.3017578, -0.04489136 , 5.514662 , 2
0.09481812, -0.04058838 , 5.5175 , 2
-0.1395264, -0.02120972 , 5.507164 , 2
-0.3356628, -0.003936768 , 5.496859 , 2
-0.5574341, -0.008483887 , 5.471984 , 2
-0.7205811, -0.002258301 , 5.451298 , 2
-0.9031372, 0.002655029 , 5.420471 , 2
-1.070801, -0.01049805 , 5.386619 , 2
-1.194305, -0.01242065 , 5.361085 , 2
-1.334442, -0.006622314 , 5.324006 , 2
-1.479828, -0.002410889 , 5.277552 , 2
-1.636841, 0.004486084 , 5.224784 , 2
-1.776215, 0.0009460449 , 5.174027 , 2
-1.941559, -0.001373291 , 5.107983 , 2
-2.071503, -0.002349854 , 5.049552 , 2
-2.236053, 0.01235962 , 4.967803 , 2
-2.377228, 0.01260376 , 4.893987 , 2
-2.518555, -0.003082275 , 4.816158 , 2
-2.65448, -0.0078125 , 4.731117 , 2
-2.780457, -0.025177 , 4.644262 , 2
-2.906158, 0.01397705 , 4.5494 , 2
-3.047028, 0.01644897 , 4.445127 , 2
-3.221405, 0.02078247 , 4.311517 , 2
-3.385223, 0.01065063 , 4.174019 , 2
-3.49939, 0.01043701 , 4.070389 , 2
-3.639313, 0.004364014 , 3.941401 , 2
-3.760529, 0.01309204 , 3.824449 , 2
-3.901337, -0.001342773 , 3.661484 , 2
-4.058167, 0.03030396 , 3.481599 , 2
-4.1604, 0.0619812 , 3.355103 , 2
-4.277771, 0.06069946 , 3.201236 , 2
-4.394653, 0.04953003 , 3.035783 , 2
-4.516724, 0.04931641 , 2.831524 , 2
-4.626007, 0.04144287 , 2.633003 , 2
-4.786743, 0.01135254 , 2.316019 , 2
-4.90863, -0.02374268 , 2.013805 , 3
-4.942902, -0.0413208 , 1.929576 , 3
-4.932526, -0.04373169 , 1.964662 , 3
-4.846069, -0.04815674 , 2.177006 , 3
-4.741638, -0.01654053 , 2.415554 , 3
-4.600647, -0.004974365 , 2.674156 , 3
-4.41156, 0.008270264 , 3.010759 , 3
-4.198669, 0.02813721 , 3.312685 , 3
-4.027405, 0.02767944 , 3.525249 , 3
-3.924774, 0.02590942 , 3.644836 , 3
-3.76181, 0.04766846 , 3.817999 , 3
-3.611359, 0.008056641 , 3.957988 , 3
-3.420197, 0.0133667 , 4.123319 , 3
-3.240784, 0.01611328 , 4.263252 , 3
-3.05719, 0.01052856 , 4.397733 , 3
-2.965179, 0.01742554 , 4.464741 , 3
-2.80188, 0.0227356 , 4.571948 , 3
-2.645844, 0.01870728 , 4.675197 , 3
-2.499725, 0.0118103 , 4.766529 , 3
-2.326141, 0.01016235 , 4.86658 , 3
-2.221954, 0.001831055 , 4.91645 , 3
-2.138855, -0.001556396 , 4.954089 , 3
-2.015991, 0.01156616 , 5.007732 , 3
-1.842346, 0.009277344 , 5.084958 , 3
-1.680725, -0.002105713 , 5.149779 , 3
-1.502289, -0.01937866 , 5.219034 , 3
-1.291565, -0.009857178 , 5.285173 , 3
-1.158966, 0.0006713867 , 5.316958 , 3
-0.9429016, -0.01049805 , 5.36557 , 3
-0.7693787, -0.008148193 , 5.406339 , 3
-0.6554871, -0.004425049 , 5.42959 , 3
-0.5187683, 0.01248169 , 5.458819 , 3
-0.3796082, 0.02328491 , 5.48193 , 3
-0.2102966, 0.0418396 , 5.491087 , 3
-0.09838867, 0.0145874 , 5.499586 , 3
0.04315186, 0.006896973 , 5.508842 , 3
0.1972046, 0.01641846 , 5.517193 , 3
0.3707581, -0.008361816 , 5.515121 , 3
0.5232849, -0.03158569 , 5.509645 , 3
0.6447754, -0.03469849 , 5.50784 , 3
0.7278748, -0.03582764 , 5.507442 , 3
0.7055359, -0.03649902 , 5.51193 , 3
0.6287842, -0.03964233 , 5.51713 , 3
0.4760132, -0.04669189 , 5.526307 , 3
0.2997742, -0.05157471 , 5.533633 , 3
0.1327209, -0.03668213 , 5.538441 , 3
-0.03085327, -0.04232788 , 5.528423 , 3
-0.2149963, -0.03463745 , 5.518128 , 3
-0.4102783, -0.02618408 , 5.503174 , 3
-0.5942383, -0.04379272 , 5.478549 , 3
-0.7498779, -0.02874756 , 5.457344 , 3
-0.8887329, -0.02740479 , 5.428592 , 3
-1.07019, -0.02008057 , 5.380156 , 3
-1.266388, -0.0140686 , 5.333962 , 3
-1.479187, -0.04885864 , 5.277505 , 3
-1.607544, -0.04534912 , 5.238283 , 3
-1.768555, 0.00201416 , 5.171888 , 3
-1.912933, -0.007476807 , 5.10583 , 3
-1.964142, -0.0001220703 , 5.082765 , 3
-2.1073, 0.003143311 , 5.010857 , 3
-2.210449, 0.0008544922 , 4.957577 , 3
-2.379486, -0.001525879 , 4.867897 , 3
-2.508362, -0.01760864 , 4.796732 , 3
-2.650635, -0.02770996 , 4.718892 , 3
-2.793793, -0.04089355 , 4.630184 , 3
-2.89502, -0.0435791 , 4.564685 , 3
-3.068176, -0.05224609 , 4.44869 , 3
-3.249725, -0.03158569 , 4.30967 , 3
-3.474731, -0.01571655 , 4.128539 , 3
-3.577454, -0.03173828 , 4.037164 , 3
-3.647064, -0.02862549 , 3.967307 , 3
-3.78418, -0.02111816 , 3.828078 , 3
-3.960785, -0.01757813 , 3.640396 , 3
-4.084595, 0.005462646 , 3.468407 , 3
-4.179688, -0.002380371 , 3.327116 , 3
-4.284424, -0.01669312 , 3.165786 , 3
-4.390747, -0.06329346 , 2.986987 , 3
-4.524261, -0.1017151 , 2.748764 , 3
-4.634888, -0.09747314 , 2.509754 , 3
-4.74411, -0.06900024 , 2.21776 , 3
-4.824707, -0.06976318 , 1.984043 , 4
-4.862793, -0.06271362 , 1.883524 , 4
-4.845062, -0.05197144 , 1.946739 , 4
-4.773254, -0.04742432 , 2.139976 , 4
-4.646393, -0.03277588 , 2.432475 , 4
-4.476685, -0.0163269 , 2.75444 , 4
-4.318573, 0.01504517 , 3.007289 , 4
-4.181274, 0.02648926 , 3.225831 , 4
-4.037994, 0.01107788 , 3.415567 , 4
-3.921997, 0.0138855 , 3.566262 , 4
-3.748962, -0.004821777 , 3.766041 , 4
-3.565155, 0.01348877 , 3.961819 , 4
-3.431061, 0.03250122 , 4.083142 , 4
-3.290558, 0.02175903 , 4.20412 , 4
-3.119934, 0.00491333 , 4.338341 , 4
-2.93396, 0.004425049 , 4.471132 , 4
-2.779694, 0.007598877 , 4.572918 , 4
-2.619537, 0.009338379 , 4.673633 , 4
-2.497864, 0.01086426 , 4.744674 , 4
-2.342987, 0.004852295 , 4.823408 , 4
-2.142853, 0.009246826 , 4.925224 , 4
-1.95929, 0.0003967285 , 5.006564 , 4
-1.780212, -0.006469727 , 5.083993 , 4
-1.627777, -0.02590942 , 5.13941 , 4
-1.524139, -0.03103638 , 5.173573 , 4
-1.380798, -0.05114746 , 5.218998 , 4
-1.238495, -0.06243896 , 5.260813 , 4
-1.109985, -0.05413818 , 5.294605 , 4
-1.005035, -0.04751587 , 5.320103 , 4
-0.8936768, -0.05233765 , 5.345581 , 4
-0.7419434, -0.04797363 , 5.378883 , 4
-0.583313, -0.05700684 , 5.418184 , 4
-0.4057312, -0.05780029 , 5.447923 , 4
-0.1641541, -0.04263306 , 5.471524 , 4
-0.03042603, -0.02478027 , 5.480183 , 4
0.07498169, -0.02264404 , 5.485538 , 4
0.2292786, -0.01763916 , 5.490561 , 4
0.378479, -0.01858521 , 5.498315 , 4
0.5150452, -0.04003906 , 5.501106 , 4
0.6359863, -0.01806641 , 5.497994 , 4
0.7219543, 0.003753662 , 5.496377 , 4
0.7411194, 0.003692627 , 5.495065 , 4
0.6924133, -0.002990723 , 5.504638 , 4
0.5531921, -0.037323 , 5.513939 , 4
0.3955994, -0.07192993 , 5.527735 , 4
0.2382507, -0.07321167 , 5.535392 , 4
0.06991577, -0.07034302 , 5.538838 , 4
-0.1066895, -0.03411865 , 5.535416 , 4
-0.2950439, -0.03439331 , 5.522083 , 4
-0.4783936, -0.02902222 , 5.509122 , 4
-0.6604919, -0.01223755 , 5.484874 , 4
-0.8287964, -0.002349854 , 5.457075 , 4
-1.005981, -9.155273E-05 , 5.42028 , 4
-1.190399, -0.001708984 , 5.376941 , 4
-1.355103, 0.01318359 , 5.334042 , 4
-1.488068, 0.02658081 , 5.294595 , 4
-1.631256, 0.02398682 , 5.253214 , 4
-1.776733, 0.01864624 , 5.197535 , 4
-1.947266, 0.006530762 , 5.130666 , 4
-2.114746, -0.01187134 , 5.062922 , 4
-2.291901, -0.03826904 , 4.971451 , 4
-2.424622, -0.03353882 , 4.900263 , 4
-2.561676, -0.03790283 , 4.814876 , 4
-2.755554, -0.0401001 , 4.699962 , 4
-2.94104, -0.05581665 , 4.564184 , 4
-3.02652, -0.05206299 , 4.496571 , 4
-3.118439, -0.03781128 , 4.422421 , 4
-3.19873, -0.05499268 , 4.356071 , 4
-3.353241, -0.03488159 , 4.225948 , 4
-3.472717, -0.03491211 , 4.108035 , 4
-3.588257, -0.0307312 , 3.990934 , 4
-3.721008, -0.03384399 , 3.844629 , 4
-3.854401, -0.08926392 , 3.675814 , 4
-3.994293, -0.1071472 , 3.490637 , 4
-4.080048, -0.07293701 , 3.374962 , 4
-4.202423, -0.03079224 , 3.196527 , 4
-4.417175, -0.04437256 , 2.883222 , 4
-4.607758, 0.005554199 , 2.570149 , 4
-4.696564, 0.03686523 , 2.361434 , 4
-4.768341, 0.03671265 , 2.173034 , 4
-4.790009, 0.02877808 , 2.111125 , 0
0.6556396, -0.03561401 , 5.596212 , 0
0.6325073, -0.03088379 , 5.600564 , 0
0.3265686, -0.04345703 , 5.610387 , 0
0.09457397, -0.06307983 , 5.592142 , 0
0.01403809, -0.06411743 , 5.591929 , 0
-0.02560425, -0.04699707 , 5.585416 , 0
-0.03884888, -0.05804443 , 5.576746 , 0
-0.1756287, -0.0987854 , 5.543696 , 0
-0.3165588, -0.1072388 , 5.516864 , 0
-0.4077148, -0.0708313 , 5.505806 , 0
-0.429718, -0.05523682 , 5.507113 , 0
-0.5762634, -0.06845093 , 5.479985 , 0
-0.7018738, -0.08734131 , 5.451769 , 0
-0.7799683, -0.09829712 , 5.432864 , 0
-0.940033, -0.0953064 , 5.394046 , 0
-1.248566, -0.08682251 , 5.287109 , 0
-1.366119, -0.0977478 , 5.239892 , 0
-1.502686, -0.1144104 , 5.182844 , 0
-1.697784, -0.1388245 , 5.075609 , 0
-1.689972, -0.1430664 , 5.072217 , 0
-1.557404, -0.1019287 , 5.13763 , 0
-1.554688, -0.019104 , 5.141655 , 0
-1.390106, 0.3250427 , 5.189433 , 0
-1.302368, 0.3222656 , 5.207124 , 0
-1.225922, 0.7022705 , 5.202012 , 0
-1.140717, 1.132446 , 5.15359 , 0
-1.131134, 1.18335 , 5.143028 , 0
-1.119385, 1.211548 , 5.138768 , 0
-1.108734, 1.227905 , 5.136181 , 0
-1.104065, 1.233795 , 5.134579 , 0
-1.09729, 1.230072 , 5.135317 , 0
-1.09079, 1.226227 , 5.136025 , 0
-1.08252, 1.213715 , 5.138058 , 0
-1.072083, 1.187958 , 5.144663 , 0
-1.067505, 1.134766 , 5.156624 , 0
-1.052002, 1.069092 , 5.172565 , 0
-1.030518, 1.011261 , 5.186724 , 0
-1.01355, 0.9381714 , 5.199451 , 0
-1.004456, 0.8518982 , 5.213435 , 0
-0.9856262, 0.7834167 , 5.225392 , 0
-0.9533691, 0.723175 , 5.239486 , 0
-0.907959, 0.6476135 , 5.256228 , 0
-0.8553772, 0.5632935 , 5.273924 , 0
-0.809967, 0.4997559 , 5.290796 , 0
-0.7702942, 0.4474487 , 5.305942 , 0
-0.7268372, 0.3970947 , 5.321799 , 0
-0.6950073, 0.3727722 , 5.331259 , 0
-0.6220398, 0.3224487 , 5.351018 , 0
-0.5430908, 0.2789307 , 5.369629 , 0
-0.4523621, 0.2479248 , 5.388904 , 0
-0.3804016, 0.2191162 , 5.401325 , 0
-0.3457947, 0.1983948 , 5.406136 , 0
-0.3197021, 0.1842041 , 5.409782 , 0
-0.3292542, 0.1784363 , 5.409783 , 0
-0.3425903, 0.1716919 , 5.408507 , 0
-0.3574829, 0.1584473 , 5.406249 , 0
-0.3987427, 0.1357727 , 5.400313 , 0
-0.4632263, 0.1036682 , 5.389825 , 0
-0.6066895, 0.05664063 , 5.362937 , 0
-0.7801514, 0.03726196 , 5.3289 , 0
-0.9369812, 0.02807617 , 5.295987 , 0
-1.089081, 0.01821899 , 5.261434 , 0
-1.256866, 0.01144409 , 5.217155 , 0
-1.416504, 0.01403809 , 5.172138 , 0
-1.596771, 0.01263428 , 5.113751 , 0
-1.781372, 0.01391602 , 5.047862 , 0
-1.994141, 0.02230835 , 4.964923 , 0
-2.190033, 0.02972412 , 4.87718 , 0
-2.395508, 0.02734375 , 4.775596 , 0
-2.602081, 0.02581787 , 4.664435 , 0
-2.765778, 0.02874756 , 4.569101 , 0
-2.930634, 0.02667236 , 4.466267 , 0
-3.072998, 0.02871704 , 4.369051 , 0
-3.216187, 0.02758789 , 4.262759 , 0
-3.373169, 0.01477051 , 4.133703 , 0
-3.492523, 0.001831055 , 4.02528 , 0
-3.617615, -0.007232666 , 3.90913 , 0
-3.730591, -0.008605957 , 3.798957 , 0
-3.848053, -0.009429932 , 3.675351 , 0
-3.970215, -0.01638794 , 3.534873 , 0
-4.080719, -0.01852417 , 3.400218 , 0
-4.198761, -0.01000977 , 3.24198 , 0
-4.308075, -0.01483154 , 3.080848 , 0
-4.425415, -0.01757813 , 2.893634 , 0
-4.521179, -0.02685547 , 2.725068 , 0
-4.617584, -0.02548218 , 2.540962 , 0
-4.710999, -0.01751709 , 2.34148 , 0
-4.806976, -0.002746582 , 2.109062 , 0
-4.885406, 0.01248169 , 1.908939 , 0
-4.944397, 0.01452637 , 1.720541 , 0
-4.972656, 0.01126099 , 1.623541 , 0
-4.981812, 0.007843018 , 1.60403 , 0
-4.960571, -0.03311157 , 1.741714 , 0
-4.868713, -0.0690918 , 2.065928 , 0
-4.748779, -0.07373047 , 2.381073 , 0
-4.588379, -0.04898071 , 2.690566 , 0
-4.449524, -0.01757813 , 2.926117 , 0
-4.2034, 0.02233887 , 3.268557 , 0
-3.960114, 0.04248047 , 3.565764 , 0
-3.713684, 0.07302856 , 3.824894 , 0
-3.496338, 0.1085815 , 4.028161 , 0
-3.261078, 0.1441345 , 4.220165 , 0
-3.086121, 0.1723938 , 4.349143 , 0
-2.885712, 0.1746826 , 4.481734 , 0
-2.715607, 0.1713257 , 4.586926 , 0
-2.520233, 0.1541138 , 4.698613 , 0
-2.349854, 0.1407471 , 4.789946 , 0
-2.170715, 0.1300964 , 4.877758 , 0
-1.992401, 0.120575 , 4.957577 , 0
-1.845276, 0.1080322 , 5.018674 , 0
-1.698273, 0.0949707 , 5.077206 , 0
-1.561554, 0.06671143 , 5.129029 , 0
-1.438477, 0.05096436 , 5.17213 , 0
-1.299744, 0.04309082 , 5.214027 , 0
-1.119415, 0.03897095 , 5.263608 , 0
-0.9317627, 0.03262329 , 5.307422 , 0
-0.7949219, 0.02642822 , 5.336714 , 0
-0.6599121, 0.02331543 , 5.36129 , 0
-0.5357971, 0.02233887 , 5.378485 , 0
-0.4075317, 0.02584839 , 5.398622 , 0
-0.2827454, 0.02011108 , 5.41546 , 0
-0.1282043, 0.001525879 , 5.431266 , 0
0.03414917, -0.01486206 , 5.44796 , 0
0.1734619, -0.03530884 , 5.461698 , 0
0.3027039, -0.04483032 , 5.473477 , 0
0.432373, -0.05331421 , 5.482557 , 0
0.5074768, -0.06451416 , 5.490416 , 0
0.4937744, -0.06045532 , 5.498012 , 0
0.346344, -0.03912354 , 5.501853 , 0
0.1089783, -0.02142334 , 5.497062 , 0
-0.12146, -0.01559448 , 5.48966 , 0
-0.3275452, -0.0163269 , 5.478558 , 0
-0.5213623, -0.01831055 , 5.463927 , 0
-0.6703796, -0.02667236 , 5.442714 , 0
-0.8459473, -0.03549194 , 5.412536 , 0
-0.9937134, -0.04174805 , 5.384106 , 0
-1.116455, -0.04656982 , 5.360158 , 0
-1.224335, -0.04345703 , 5.337151 , 0
-1.341217, -0.04067993 , 5.305167 , 0
-1.463074, -0.02679443 , 5.269092 , 0
-1.578674, -0.01455688 , 5.231254 , 0
-1.688782, -0.006317139 , 5.192374 , 0
-1.820068, -0.01199341 , 5.142564 , 0
-1.941925, -0.01608276 , 5.091704 , 0
-2.073181, -0.01116943 , 5.031727 , 0
-2.212952, -0.01296997 , 4.966045 , 0
-2.335724, -0.01385498 , 4.907944 , 0
-2.457031, -0.01889038 , 4.845294 , 0
-2.601807, -0.02584839 , 4.765017 , 0
-2.737885, -0.01974487 , 4.686978 , 0
-2.879669, -0.01391602 , 4.594722 , 0
-3.018463, -0.007507324 , 4.496615 , 0
-3.173462, 0.005249023 , 4.377899 , 0
-3.311157, 0.006591797 , 4.265365 , 0
-3.441162, 0.008270264 , 4.152315 , 0
-3.553314, -0.001586914 , 4.046748 , 0
-3.66153, -0.01861572 , 3.93678 , 0
-3.763641, -0.03540039 , 3.821391 , 0
-3.894867, -0.05096436 , 3.663301 , 0
-3.99585, -0.05429077 , 3.530913 , 0
-4.129486, -0.06134033 , 3.350233 , 0
-4.259583, -0.04879761 , 3.168101 , 0
-4.369446, -0.02124023 , 3.010612 , 0
-4.48761, 0.003509521 , 2.826096 , 0
-4.588165, 0.01855469 , 2.654052 , 0
-4.689911, 0.02191162 , 2.460028 , 0
-4.776428, 0.02005005 , 2.27524 , 0
-4.855621, 0.02035522 , 2.085378 , 1
-4.920166, 0.01849365 , 1.9157 , 1
-4.979462, -0.002380371 , 1.749184 , 1
-5.025299, -0.03292847 , 1.622358 , 1
-5.041718, -0.04669189 , 1.593691 , 1
-5.011108, -0.03292847 , 1.734853 , 1
-4.953979, -0.006835938 , 1.941429 , 1
-4.833862, 0.01626587 , 2.249665 , 1
-4.721466, 0.02053833 , 2.497563 , 1
-4.544403, 0.01651001 , 2.80579 , 1
-4.35611, 0.01101685 , 3.08953 , 1
-4.17218, 0.01431274 , 3.339508 , 1
-3.969513, 0.02319336 , 3.585882 , 1
-3.825531, 0.03863525 , 3.750651 , 1
-3.576904, 0.04885864 , 3.984811 , 1
-3.398132, 0.06002808 , 4.140683 , 1
-3.18454, 0.06570435 , 4.303232 , 1
-3.000275, 0.05795288 , 4.43207 , 1
-2.84317, 0.04638672 , 4.536989 , 1
-2.67807, 0.03912354 , 4.637681 , 1
-2.49939, 0.03091431 , 4.741733 , 1
-2.335815, 0.02008057 , 4.834329 , 1
-2.14328, 0.0005187988 , 4.934382 , 1
-1.973969, -0.01300049 , 5.01514 , 1
-1.824463, -0.02264404 , 5.080331 , 1
-1.640137, -0.03277588 , 5.151882 , 1
-1.428406, -0.03219604 , 5.223818 , 1
-1.268585, -0.03686523 , 5.272401 , 1
-1.097473, -0.04495239 , 5.319798 , 1
-0.9083557, -0.05380249 , 5.363812 , 1
-0.7301025, -0.06826782 , 5.400044 , 1
-0.5501099, -0.08410645 , 5.432197 , 1
-0.3809814, -0.09329224 , 5.455029 , 1
-0.1974487, -0.1045227 , 5.473289 , 1
-0.02203369, -0.1025696 , 5.491459 , 1
0.1126099, -0.0921936 , 5.503823 , 1
0.2771301, -0.0899353 , 5.513665 , 1
0.4416504, -0.08859253 , 5.517781 , 1
0.5855408, -0.07635498 , 5.520815 , 1
0.6953125, -0.07049561 , 5.521696 , 1
0.7112122, -0.07644653 , 5.525531 , 1
0.6151733, -0.07501221 , 5.536134 , 1
0.3478088, -0.07168579 , 5.541913 , 1
0.007904053, -0.07397461 , 5.531785 , 1
-0.2919617, -0.08297729 , 5.52277 , 1
-0.4642639, -0.09399414 , 5.511224 , 1
-0.7258911, -0.1194458 , 5.477816 , 1
-0.9457397, -0.1224976 , 5.433889 , 1
-1.199585, -0.130188 , 5.373441 , 1
-1.432556, -0.1572266 , 5.311199 , 1
-1.613037, -0.1488342 , 5.256318 , 1
-1.765228, -0.1166077 , 5.2033 , 1
-1.864777, -0.1079407 , 5.160275 , 1
-1.982849, -0.09216309 , 5.092484 , 1
-2.121674, -0.07748413 , 5.011078 , 1
-2.269806, -0.0630188 , 4.922043 , 1
-2.490082, -0.0201416 , 4.789943 , 1
-2.620911, 0.002807617 , 4.708552 , 1
-2.571777, 0.02438354 , 4.726858 , 1
-2.472107, 0.04885864 , 4.777035 , 1
-2.280212, 0.05303955 , 4.880542 , 1
-2.07431, 0.05065918 , 4.992738 , 1
-1.935608, 0.05029297 , 5.070339 , 1
-1.986542, 0.04708862 , 5.042445 , 1
-2.184692, 0.05999756 , 4.935277 , 1
-2.491028, 0.06576538 , 4.755388 , 1
-2.774536, 0.06817627 , 4.569901 , 1
-2.994354, 0.06695557 , 4.413449 , 1
-3.155518, 0.07113647 , 4.289413 , 1
-3.305054, 0.0664978 , 4.176828 , 1
-3.430206, 0.05490112 , 4.072901 , 1
-3.545563, 0.04718018 , 3.964534 , 1
-3.714691, 0.03353882 , 3.799027 , 1
-3.874573, 0.01092529 , 3.624986 , 1
-4.052094, -0.01254272 , 3.427221 , 1
-4.204773, -0.04168701 , 3.23048 , 1
-4.389496, -0.08172607 , 2.96329 , 1
-4.522339, -0.1039734 , 2.756161 , 1
-4.663361, -0.1280212 , 2.502809 , 1
-4.757751, -0.1500244 , 2.309886 , 1
-4.834869, -0.1665649 , 2.140091 , 2
-4.900574, -0.1713867 , 1.993318 , 2
-4.935974, -0.1841736 , 1.920639 , 2
-4.945984, -0.1881104 , 1.912216 , 2
-4.929596, -0.1993408 , 1.988837 , 2
-4.823334, -0.2214355 , 2.27424 , 2
-4.637268, -0.2321472 , 2.661071 , 2
-4.423157, -0.2416687 , 3.031491 , 2
-4.176025, -0.2318726 , 3.374337 , 2
-3.941437, -0.2110901 , 3.652679 , 2
-3.738251, -0.1856995 , 3.865263 , 2
-3.495483, -0.1388245 , 4.086308 , 2
-3.288544, -0.1037292 , 4.254865 , 2
-3.050537, -0.07846069 , 4.432856 , 2
-2.838074, -0.07183838 , 4.578161 , 2
-2.609467, -0.06781006 , 4.720024 , 2
-2.40979, -0.06304932 , 4.834422 , 2
-2.214111, -0.05471802 , 4.935694 , 2
-2.0112, -0.0406189 , 5.030318 , 2
-1.841675, -0.03234863 , 5.104141 , 2
-1.681366, -0.02713013 , 5.169757 , 2
-1.519165, -0.02468872 , 5.229254 , 2
-1.35376, -0.02722168 , 5.286036 , 2
-1.199402, -0.03091431 , 5.332302 , 2
-0.9988403, -0.03817749 , 5.379674 , 2
-0.7876282, -0.04483032 , 5.422354 , 2
-0.592041, -0.0461731 , 5.454822 , 2
-0.4180603, -0.04620361 , 5.479474 , 2
-0.2937012, -0.04464722 , 5.496562 , 2
-0.1577454, -0.04693604 , 5.513412 , 2
-0.01629639, -0.05715942 , 5.528606 , 2
0.1105957, -0.06143188 , 5.537983 , 2
0.2353516, -0.06585693 , 5.54676 , 2
0.3616638, -0.06842041 , 5.552407 , 2
0.4825439, -0.07501221 , 5.554876 , 2
0.5905762, -0.08166504 , 5.553403 , 2
0.6911011, -0.07772827 , 5.554512 , 2
0.7482605, -0.07629395 , 5.556219 , 2
0.7825623, -0.07559204 , 5.559297 , 2
0.7878418, -0.07479858 , 5.561139 , 2
0.7822571, -0.07617188 , 5.564166 , 2
0.7013245, -0.08840942 , 5.576474 , 2
0.5582886, -0.09729004 , 5.587111 , 2
0.3955688, -0.09631348 , 5.598081 , 2
0.2593384, -0.09506226 , 5.602199 , 2
0.1436157, -0.08917236 , 5.603692 , 2
-0.02648926, -0.08828735 , 5.6007 , 2
-0.2149048, -0.08786011 , 5.591291 , 2
-0.362793, -0.08535767 , 5.578157 , 2
-0.5332336, -0.0869751 , 5.560933 , 2
-0.71698, -0.07632446 , 5.53785 , 2
-0.8491516, -0.06326294 , 5.514058 , 2
-1.034424, -0.05407715 , 5.472762 , 2
-1.196899, -0.04437256 , 5.431543 , 2
-1.365204, -0.03851318 , 5.381037 , 2
-1.519653, -0.03735352 , 5.333309 , 2
-1.659973, -0.03112793 , 5.283953 , 2
-1.775452, -0.0246582 , 5.239367 , 2
-1.92923, -0.02444458 , 5.178243 , 2
-2.085846, -0.006225586 , 5.110388 , 2
-2.225983, -0.001403809 , 5.043824 , 2
-2.339386, -0.0007324219 , 4.983525 , 2
-2.470428, -0.001495361 , 4.909527 , 2
-2.631042, 0.009063721 , 4.81335 , 2
-2.777679, 0.02444458 , 4.722932 , 2
-2.925476, 0.03283691 , 4.625589 , 2
-3.062714, 0.0423584 , 4.528619 , 2
-3.196686, 0.04327393 , 4.425247 , 2
-3.333832, 0.03515625 , 4.311091 , 2
-3.437775, 0.03436279 , 4.219703 , 2
-3.552856, 0.03271484 , 4.116722 , 2
-3.697968, 0.03393555 , 3.980028 , 2
-3.822144, 0.03533936 , 3.851558 , 2
-3.962616, 0.0249939 , 3.698055 , 2
-4.07962, 0.01757813 , 3.557554 , 2
-4.187042, 0.002380371 , 3.422078 , 2
-4.283844, -0.01446533 , 3.289458 , 2
-4.409241, -0.02871704 , 3.103168 , 2
-4.535553, -0.03912354 , 2.900774 , 2
-4.656921, -0.03686523 , 2.69084 , 2
-4.756592, -0.04589844 , 2.493736 , 2
-4.849487, -0.05325317 , 2.279614 , 2
-4.930603, -0.0456543 , 2.070341 , 3
-4.979889, -0.03048706 , 1.931354 , 3
-5.002747, -0.008972168 , 1.854253 , 3
-4.99942, -0.02462769 , 1.860392 , 3
-4.942688, -0.05361938 , 2.02963 , 3
-4.844208, -0.07913208 , 2.284483 , 3
-4.684357, -0.09356689 , 2.620821 , 3
-4.515167, -0.09057617 , 2.918777 , 3
-4.349854, -0.08947754 , 3.169023 , 3
-4.161987, -0.07846069 , 3.414594 , 3
-3.978638, -0.0703125 , 3.632632 , 3
-3.784546, -0.06695557 , 3.838017 , 3
-4.887268, 1.813171 , 3.270473 , 3
-3.795959, 0.4013672 , 3.946774 , 3
-3.371643, 0.04177856 , 4.242518 , 3
-3.12735, -0.05221558 , 4.422566 , 3
-2.90921, -0.07342529 , 4.576192 , 3
-2.711823, -0.07849121 , 4.704027 , 3
-2.522583, -0.08642578 , 4.815945 , 3
-2.345886, -0.09396362 , 4.913366 , 3
-2.210876, -0.08776855 , 4.982447 , 3
-2.066467, -0.07217407 , 5.050309 , 3
-1.930603, -0.05712891 , 5.108941 , 3
-1.785706, -0.05691528 , 5.165406 , 3
-1.594177, -0.06277466 , 5.235524 , 3
-1.382355, -0.06906128 , 5.302734 , 3
-1.189911, -0.06945801 , 5.356903 , 3
-1.013184, -0.07241821 , 5.400895 , 3
-0.8752747, -0.06896973 , 5.433616 , 3
-0.7192383, -0.06338501 , 5.465603 , 3
-0.5739746, -0.05609131 , 5.490258 , 3
-0.4136963, -0.06481934 , 5.514887 , 3
-0.2401428, -0.07955933 , 5.53405 , 3
-0.1263733, -0.08300781 , 5.548071 , 3
0.00302124, -0.08810425 , 5.559417 , 3
0.1674194, -0.09466553 , 5.568587 , 3
0.3016968, -0.1072388 , 5.573039 , 3
0.4360352, -0.1179504 , 5.571785 , 3
0.5504456, -0.1288452 , 5.56999 , 3
0.5954285, -0.1358643 , 5.569135 , 3
0.6596985, -0.1412354 , 5.571344 , 3
0.5876465, -0.1459045 , 5.580914 , 3
0.350708, -0.1419373 , 5.58473 , 3
0.09884644, -0.1358032 , 5.577415 , 3
-0.1094666, -0.1369019 , 5.566747 , 3
-0.3375854, -0.1463623 , 5.551055 , 3
-0.5168762, -0.1614685 , 5.534177 , 3
-0.6864929, -0.1665039 , 5.515224 , 3
-0.8483887, -0.1655273 , 5.492006 , 3
-0.9786377, -0.1723328 , 5.468783 , 3
-1.097961, -0.1910706 , 5.440335 , 3
-1.207397, -0.204071 , 5.410659 , 3
-1.34494, -0.2061462 , 5.374151 , 3
-1.479706, -0.2036743 , 5.334049 , 3
-1.639465, -0.198761 , 5.279185 , 3
-1.760956, -0.1938171 , 5.233056 , 3
-1.873871, -0.1912537 , 5.186103 , 3
-1.992218, -0.1859741 , 5.13443 , 3
-2.074951, -0.1898499 , 5.097342 , 3
-2.104553, -0.1982117 , 5.082839 , 3
-2.078827, -0.2019958 , 5.094112 , 3
-1.994537, -0.2049866 , 5.12931 , 3
-1.832092, -0.2163086 , 5.191986 , 3
-1.633179, -0.2147827 , 5.262171 , 3
-1.544098, -0.2081604 , 5.290195 , 3
-1.346344, -0.1901245 , 5.347081 , 3
-1.130981, -0.1717529 , 5.404265 , 3
-0.8928223, -0.1679688 , 5.462646 , 3
-0.6566467, -0.169281 , 5.513002 , 3
-0.3392639, -0.1742249 , 5.56973 , 3
-0.02374268, -0.1706848 , 5.607721 , 3
0.2464905, -0.1578369 , 5.630647 , 3
0.4274292, -0.1450195 , 5.639836 , 3
0.5737915, -0.1403198 , 5.643789 , 3
0.6168823, -0.1356812 , 5.645559 , 3
0.5698853, -0.1281433 , 5.64609 , 3
0.3989868, -0.1109924 , 5.645125 , 3
0.1564026, -0.1044006 , 5.638023 , 3
-0.06356812, -0.09362793 , 5.627247 , 3
-0.31604, -0.09268188 , 5.601809 , 3
-0.5439758, -0.09207153 , 5.571144 , 3
-0.7491455, -0.07720947 , 5.534702 , 3
-0.9928284, -0.05853271 , 5.480377 , 3
-1.216156, -0.0480957 , 5.419684 , 3
-1.413666, -0.03909302 , 5.357715 , 3
-1.578369, -0.03143311 , 5.299949 , 3
-1.735596, -0.02420044 , 5.24121 , 3
-1.888184, -0.01937866 , 5.179556 , 3
-2.064087, -0.01876831 , 5.100911 , 3
-2.190857, -0.02215576 , 5.041169 , 3
-2.318298, -0.02246094 , 4.977442 , 3
-2.481873, -0.0194397 , 4.890304 , 3
-2.643738, -0.01266479 , 4.80042 , 3
-2.805573, 0.009979248 , 4.703364 , 3
-2.975677, 0.01571655 , 4.590377 , 3
-3.134399, -0.009918213 , 4.474617 , 3
-3.329346, -0.02005005 , 4.318564 , 3
-3.547791, -0.02859497 , 4.12145 , 3
-3.716736, -0.04336548 , 3.95324 , 3
-3.880035, -0.06030273 , 3.777798 , 3
-4.024292, -0.08032227 , 3.615551 , 3
-4.152222, -0.09140015 , 3.460546 , 3
-4.263794, -0.08914185 , 3.309151 , 3
-4.378876, -0.1113586 , 3.141897 , 3
-4.503448, -0.1270752 , 2.94958 , 3
-4.625031, -0.1404724 , 2.740224 , 3
-4.713684, -0.1426697 , 2.579135 , 3
-4.79184, -0.1330261 , 2.426928 , 3
-4.85376, -0.1233521 , 2.297494 , 3
-4.895294, -0.1175537 , 2.198803 , 3
-4.919708, -0.1122131 , 2.141282 , 4
-4.909149, -0.1046753 , 2.176438 , 4
-4.851074, -0.1027832 , 2.323843 , 4
-4.729553, -0.1035767 , 2.583251 , 4
-4.541473, -0.09991455 , 2.918188 , 4
-4.359283, -0.1022339 , 3.20314 , 4
-4.195435, -0.1092834 , 3.426416 , 4
-3.995911, -0.1007385 , 3.659298 , 4
-3.845276, -0.09469604 , 3.823051 , 4
-3.653229, -0.06939697 , 4.008669 , 4
-3.464447, -0.04922485 , 4.175603 , 4
-3.287445, -0.04467773 , 4.323048 , 4
-3.099274, -0.0451355 , 4.466807 , 4
-2.912231, -0.04882813 , 4.596888 , 4
-2.68808, -0.04901123 , 4.738304 , 4
-2.50705, -0.03549194 , 4.842675 , 4
-2.324066, -0.01748657 , 4.941329 , 4
-2.129883, -0.004821777 , 5.036858 , 4
-1.972076, 0.009002686 , 5.107228 , 4
-1.813538, 0.0118103 , 5.17385 , 4
-1.666351, -0.002502441 , 5.229191 , 4
-1.536133, -0.02886963 , 5.276613 , 4
-1.433258, -0.05871582 , 5.312493 , 4
-1.341431, -0.07913208 , 5.339231 , 4
-1.297272, -0.1021118 , 5.351796 , 4
-1.308533, -0.1622925 , 5.34177 , 4
-1.327362, -0.2302856 , 5.32816 , 4
-1.358368, -0.3239746 , 5.311161 , 4
-1.375183, -0.4298401 , 5.300182 , 4
-1.358612, -0.5252686 , 5.299196 , 4
-1.329254, -0.5946045 , 5.302923 , 4
-1.297028, -0.6381531 , 5.308048 , 4
-1.270538, -0.6629333 , 5.313884 , 4
-1.240692, -0.6766357 , 5.321375 , 4
-1.192657, -0.6856689 , 5.335085 , 4
-1.157959, -0.6886902 , 5.344601 , 4
-1.081787, -0.6917725 , 5.360709 , 4
-1.029907, -0.6888123 , 5.369016 , 4
-0.9988708, -0.6838684 , 5.372971 , 4
-0.9743958, -0.6785889 , 5.378248 , 4
-0.9615479, -0.6747742 , 5.38199 , 4
-0.9562683, -0.6721191 , 5.383858 , 4
-0.9619141, -0.6723633 , 5.382851 , 4
-0.9678345, -0.672699 , 5.381386 , 4
-0.9778748, -0.6715088 , 5.379018 , 4
-0.9960632, -0.6656494 , 5.376371 , 4
-1.031403, -0.6488037 , 5.373359 , 4
-1.077423, -0.6172791 , 5.370019 , 4
-1.148499, -0.5714722 , 5.359987 , 4
-1.210632, -0.5316772 , 5.350018 , 4
-1.233795, -0.5141602 , 5.346817 , 4
-1.263794, -0.4940796 , 5.344047 , 4
-1.313873, -0.4790039 , 5.332548 , 4
-1.402222, -0.4517822 , 5.309157 , 4
-1.507935, -0.4270935 , 5.274899 , 4
-1.651459, -0.392395 , 5.22148 , 4
-1.809937, -0.3549805 , 5.157536 , 4
-2.002594, -0.3000793 , 5.076081 , 4
-2.158386, -0.2536316 , 5.006006 , 4
-2.301239, -0.1898499 , 4.934008 , 4
-2.473877, -0.1251221 , 4.841498 , 4
-2.623749, -0.08395386 , 4.755291 , 4
-2.752594, -0.04794312 , 4.676241 , 4
-2.890839, -0.03491211 , 4.582163 , 4
-3.025574, -0.02502441 , 4.484163 , 4
-3.177948, -0.03009033 , 4.369105 , 4
-3.323853, -0.02963257 , 4.254727 , 4
-3.467804, -0.03875732 , 4.131796 , 4
-3.592773, -0.05377197 , 4.017593 , 4
-3.721405, -0.06280518 , 3.89174 , 4
-3.841522, -0.06585693 , 3.766057 , 4
-3.963318, -0.06542969 , 3.627424 , 4
-4.110779, -0.06790161 , 3.442566 , 4
-4.239105, -0.07287598 , 3.26702 , 4
-4.368744, -0.06564331 , 3.067498 , 4
-4.473938, -0.06750488 , 2.887789 , 4
-4.569885, -0.05862427 , 2.706777 , 4
-4.652313, -0.04772949 , 2.538899 , 4
-4.728027, -0.03955078 , 2.368166 , 4
-4.789917, -0.0218811 , 2.230411 , 4
-4.85321, -0.009613037 , 2.069809 , 4
-4.889709, -0.002075195 , 1.971558 , 4
-4.897522, -0.01220703 , 1.951944 , 4
-4.877441, -0.003601074 , 2.002472 , 4
-4.812561, 0.005859375 , 2.16514 , 4
-4.714844, -0.00592041 , 2.401048 , 4
-4.578613, -0.03353882 , 2.684955 , 4
-4.372223, -0.07199097 , 3.038777 , 4
-4.155457, -0.09466553 , 3.353696 , 4
-3.907928, -0.09088135 , 3.659318 , 4
-3.622162, -0.06137085 , 3.961784 , 4
-3.365967, -0.02914429 , 4.201912 , 4
-3.05603, 0.001831055 , 4.456389 , 4
-2.770874, 0.01403809 , 4.661156 , 4
-2.56076, 0.02035522 , 4.792982 , 4
-2.395233, 0.02304077 , 4.886153 , 4
-2.236084, 0.02285767 , 4.963759 , 4
-2.044464, 0.01751709 , 5.047296 , 4
-1.821503, 0.01202393 , 5.134017 , 4
-1.626129, -0.001800537 , 5.203484 , 4
-1.419617, -0.01464844 , 5.27299 , 4
-1.214478, -0.02362061 , 5.333561 , 4
-1.02948, -0.03540039 , 5.380373 , 4
-0.855011, -0.04098511 , 5.41924 , 4
-0.6954651, -0.04797363 , 5.451376 , 4
-0.5588989, -0.03829956 , 5.473174 , 4
-0.4113159, -0.02798462 , 5.493428 , 4
-0.2737732, -0.0289917 , 5.510818 , 4
-0.1353455, -0.03488159 , 5.528159 , 4
-0.00881958, -0.03808594 , 5.540178 , 4
0.1075134, -0.03955078 , 5.552578 , 4
0.224823, -0.03778076 , 5.561684 , 4
0.3330383, -0.03549194 , 5.567715 , 4
0.4474792, -0.03317261 , 5.570989 , 4
0.5457764, -0.02972412 , 5.575041 , 4
0.6177063, -0.02526855 , 5.579914 , 4
0.6651611, -0.01733398 , 5.582751 , 4
0.6236572, -0.002471924 , 5.587656 , 4
0.4380493, -0.005828857 , 5.589813 , 4
0.184906, -0.009155273 , 5.585557 , 4
-0.0171814, -0.02288818 , 5.579282 , 4
-0.2090454, -0.0508728 , 5.567487 , 4
-0.4246216, -0.07733154 , 5.542944 , 4
-0.6471558, -0.08789063 , 5.514356 , 4
-0.8234253, -0.08935547 , 5.485473 , 4
-1.016022, -0.08306885 , 5.446661 , 4
-1.202393, -0.07202148 , 5.400053 , 4
-1.34668, -0.06494141 , 5.360644 , 4
-1.489594, -0.06384277 , 5.318489 , 4
-1.602051, -0.05990601 , 5.281357 , 4
-1.715485, -0.05078125 , 5.24063 , 4
-1.819214, -0.03707886 , 5.202346 , 4
-1.907684, -0.0305481 , 5.169003 , 4
-2.022369, -0.02401733 , 5.121806 , 4
-2.154327, -0.02087402 , 5.061885 , 4
-2.305634, -0.01672363 , 4.988678 , 4
-2.43576, -0.02056885 , 4.921284 , 4
-2.611328, -0.03216553 , 4.823982 , 4
-2.757935, -0.03747559 , 4.735608 , 4
-2.884979, -0.05267334 , 4.653093 , 4
-3.02652, -0.07421875 , 4.558326 , 4
-3.154785, -0.08349609 , 4.466599 , 4
-3.287689, -0.08273315 , 4.365412 , 4
-3.400574, -0.07714844 , 4.27187 , 4
-3.534668, -0.06945801 , 4.153293 , 4
-3.656189, -0.0645752 , 4.040461 , 4
-3.760345, -0.07064819 , 3.934543 , 4
-3.890106, -0.07461548 , 3.793692 , 4
-4.001587, -0.08236694 , 3.665352 , 4
-4.149231, -0.09686279 , 3.482208 , 4
-4.263977, -0.09335327 , 3.328998 , 4
-4.386475, -0.09637451 , 3.144061 , 4
-4.527527, -0.09829712 , 2.90788 , 4
-4.650055, -0.08944702 , 2.68578 , 4
-4.774384, -0.06896973 , 2.428234 , 4
-4.878143, -0.03710938 , 2.168185 , 0
0.4659729, 0.01046753 , 5.292727 , 0
0.6210022, 0.02029419 , 5.271725 , 0
0.7597961, 0.009429932 , 5.244265 , 0
0.8278503, 0.004699707 , 5.22608 , 0
0.819397, -0.006622314 , 5.22091 , 0
0.6857605, -0.04006958 , 5.239661 , 0
0.45755, -0.04916382 , 5.271895 , 0
0.1329956, -0.05770874 , 5.296097 , 0
-0.1722717, -0.0552063 , 5.303483 , 0
-0.4703369, -0.06433105 , 5.301545 , 0
-0.7662048, -0.07733154 , 5.28362 , 0
-1.054565, -0.08532715 , 5.249878 , 0
-1.326599, -0.07940674 , 5.20155 , 0
-1.573578, -0.08139038 , 5.145565 , 0
-1.764435, -0.05828857 , 5.100035 , 0
-1.935883, -0.06784058 , 5.044633 , 0
-2.061035, -0.08279419 , 4.997044 , 0
-2.176208, -0.09408569 , 4.947553 , 0
-2.281311, -0.09210205 , 4.901154 , 0
-2.410614, -0.08764648 , 4.845412 , 0
-2.525238, -0.0814209 , 4.795127 , 0
-2.65097, -0.07254028 , 4.736101 , 0
-2.770691, -0.07507324 , 4.67684 , 0
-2.925293, -0.08670044 , 4.596618 , 0
-3.099213, -0.06356812 , 4.507423 , 0
-3.2789, -0.08261108 , 4.395101 , 0
-3.46582, -0.1036987 , 4.264598 , 0
-3.623413, -0.1109314 , 4.147836 , 0
-3.797607, -0.111145 , 4.009442 , 0
-3.954529, -0.1057434 , 3.876603 , 0
-4.141815, -0.05673218 , 3.717095 , 0
-4.313629, -0.0508728 , 3.547043 , 0
-4.465973, -0.07565308 , 3.379048 , 0
-4.582336, -0.06069946 , 3.251282 , 0
-4.679626, -0.07141113 , 3.127687 , 0
-4.762726, -0.08676147 , 3.008094 , 0
-4.840607, -0.08981323 , 2.901967 , 0
-4.896667, -0.1092529 , 2.81407 , 0
-4.963409, -0.1293335 , 2.71043 , 0
-5.043091, -0.1259766 , 2.592154 , 0
-5.133453, -0.1222534 , 2.450075 , 0
-5.211456, -0.1283569 , 2.318523 , 0
-5.27652, -0.1262512 , 2.199047 , 0
-5.343323, -0.1553955 , 2.063656 , 1
-5.399353, -0.1688843 , 1.963145 , 1
-5.421021, -0.1715088 , 1.932065 , 1
-5.394226, -0.1621399 , 2.010078 , 1
-5.326019, -0.1429749 , 2.162813 , 1
-5.200989, -0.1343689 , 2.393 , 1
-5.037415, -0.1495667 , 2.662118 , 1
-4.889069, -0.140625 , 2.898511 , 1
-4.757599, -0.1286926 , 3.091316 , 1
-4.573578, -0.09042358 , 3.330492 , 1
-4.409607, -0.08972168 , 3.512511 , 1
-4.221802, -0.04705811 , 3.707991 , 1
-4.008484, -0.04779053 , 3.89941 , 1
-3.807373, -0.07409668 , 4.067194 , 1
-3.565308, -0.07443237 , 4.257651 , 1
-3.343048, -0.0713501 , 4.417196 , 1
-3.133942, -0.05932617 , 4.559839 , 1
-2.911041, -0.03900146 , 4.693359 , 1
-2.690308, -0.02990723 , 4.811579 , 1
-2.485229, -0.04006958 , 4.908948 , 1
-2.224457, -0.01428223 , 5.021809 , 1
-1.991913, -0.02096558 , 5.102187 , 1
-1.77475, -0.03652954 , 5.167105 , 1
-1.544586, -0.04013062 , 5.227324 , 1
-1.283691, -0.03460693 , 5.286767 , 1
-1.050446, -0.04400635 , 5.32898 , 1
-0.8196106, -0.05773926 , 5.359266 , 1
-0.618988, -0.06765747 , 5.380146 , 1
-0.4367676, -0.0864563 , 5.389019 , 1
-0.2583008, -0.1091614 , 5.391907 , 1
-0.06015015, -0.1239014 , 5.390048 , 1
0.1192932, -0.1292725 , 5.380755 , 1
0.2611694, -0.1293335 , 5.371233 , 1
0.4201965, -0.1269226 , 5.354148 , 1
0.5770264, -0.131897 , 5.331844 , 1
0.7026367, -0.1384888 , 5.309475 , 1
0.7658997, -0.1397095 , 5.295145 , 1
0.7658386, -0.1368408 , 5.291766 , 1
0.6575928, -0.131897 , 5.311582 , 1
0.502594, -0.1288147 , 5.333872 , 1
0.318634, -0.1375732 , 5.351533 , 1
0.1694641, -0.1315918 , 5.360797 , 1
-0.002685547, -0.1317444 , 5.362697 , 1
-0.17099, -0.1301575 , 5.362429 , 1
-0.4076233, -0.1248474 , 5.360117 , 1
-0.6480713, -0.1255798 , 5.344984 , 1
-0.8460083, -0.1207581 , 5.329153 , 1
-1.047577, -0.1303711 , 5.303543 , 1
-1.214874, -0.1360168 , 5.276063 , 1
-1.400574, -0.1365356 , 5.238461 , 1
-1.568054, -0.1403809 , 5.197169 , 1
-1.731079, -0.1198425 , 5.157058 , 1
-1.919647, -0.1300354 , 5.096555 , 1
-2.115326, -0.1382141 , 5.027128 , 1
-2.268951, -0.1292114 , 4.968542 , 1
-2.454315, -0.1136475 , 4.889893 , 1
-2.649597, -0.1037292 , 4.801188 , 1
-2.8013, -0.1007385 , 4.725563 , 1
-2.933044, -0.08651733 , 4.657023 , 1
-3.060699, -0.101593 , 4.57751 , 1
-3.208618, -0.0930481 , 4.484498 , 1
-3.350708, -0.08279419 , 4.387244 , 1
-3.509796, -0.06356812 , 4.279702 , 1
-3.632446, -0.04391479 , 4.196685 , 1
-3.745514, -0.04174805 , 4.10743 , 1
-3.85434, -0.06512451 , 4.011224 , 1
-3.964844, -0.04217529 , 3.922487 , 1
-4.074066, -0.07788086 , 3.816712 , 1
-4.18573, -0.06048584 , 3.716133 , 1
-4.30542, -0.04727173 , 3.604119 , 1
-4.414124, -0.05801392 , 3.485866 , 1
-4.515717, -0.04946899 , 3.369048 , 1
-4.598297, -0.05136108 , 3.271228 , 1
-4.701721, -0.06140137 , 3.140051 , 1
-4.79126, -0.06848145 , 3.02282 , 1
-4.885406, -0.0743103 , 2.884181 , 1
-4.957397, -0.08053589 , 2.772003 , 1
-5.03064, -0.08007813 , 2.650172 , 1
-5.096771, -0.0887146 , 2.536769 , 1
-5.164276, -0.1105042 , 2.407606 , 1
-5.218933, -0.1069031 , 2.309028 , 1
-5.251617, -0.1051331 , 2.24824 , 1
-5.264771, -0.08773804 , 2.231446 , 1
-5.254089, -0.07095337 , 2.269732 , 1
-5.20871, -0.06393433 , 2.380538 , 1
-5.117004, -0.056427 , 2.549135 , 1
-4.985352, -0.0451355 , 2.75972 , 1
-4.766876, -0.03598022 , 3.068836 , 1
-4.588379, -0.04510498 , 3.304 , 1
-4.381531, -0.0617981 , 3.544164 , 1
-4.222565, -0.08151245 , 3.717553 , 1
-3.99115, -0.107605 , 3.933645 , 1
-3.761475, -0.1177673 , 4.134017 , 1
-3.557281, -0.09655762 , 4.304324 , 1
-3.333221, -0.0852356 , 4.46108 , 1
-3.124939, -0.1161804 , 4.586412 , 1
-2.884674, -0.1047058 , 4.723669 , 1
-2.70697, -0.1233521 , 4.811868 , 1
-2.473175, -0.1288452 , 4.918295 , 1
-2.239471, -0.1313171 , 5.013182 , 1
-2.049438, -0.1282043 , 5.083337 , 1
-1.873932, -0.1283875 , 5.136931 , 1
-1.723511, -0.1185303 , 5.177427 , 1
-1.545502, -0.1020813 , 5.22135 , 1
-1.379944, -0.09561157 , 5.257135 , 1
-1.210693, -0.08465576 , 5.287511 , 1
-1.044708, -0.07510376 , 5.311647 , 1
-0.8925476, -0.07455444 , 5.328753 , 1
-0.7115173, -0.08880615 , 5.343246 , 1
-0.5225525, -0.1046143 , 5.351722 , 1
-0.3443298, -0.1328125 , 5.352441 , 1
-0.1307678, -0.1433716 , 5.344596 , 1
0.04507446, -0.1402588 , 5.333219 , 1
0.2395935, -0.148407 , 5.313601 , 1
0.4072571, -0.1525574 , 5.293077 , 1
0.5616455, -0.1569519 , 5.269096 , 1
0.6853638, -0.1498108 , 5.246841 , 1
0.78479, -0.1299744 , 5.226255 , 1
0.816925, -0.1175842 , 5.216195 , 1
0.7537537, -0.1280823 , 5.225953 , 1
0.559845, -0.1488342 , 5.25642 , 1
0.2823486, -0.1546021 , 5.288101 , 1
0.01708984, -0.1570129 , 5.30308 , 1
-0.2937012, -0.1523743 , 5.302977 , 1
-0.5719604, -0.1455994 , 5.290288 , 1
-0.8692932, -0.1382751 , 5.266062 , 1
-1.129669, -0.1438599 , 5.232574 , 1
-1.357025, -0.1524963 , 5.191025 , 1
-1.548096, -0.1687317 , 5.147889 , 1
-1.696564, -0.1803589 , 5.109744 , 1
-1.843872, -0.1669006 , 5.077732 , 1
-1.974396, -0.1847839 , 5.034946 , 1
-2.093842, -0.1899719 , 4.989045 , 1
-2.197784, -0.1824036 , 4.945757 , 1
-2.319244, -0.1722717 , 4.893327 , 1
-2.444611, -0.1643982 , 4.834199 , 1
-2.595154, -0.1477966 , 4.761385 , 1
-2.740326, -0.1328125 , 4.685406 , 1
-2.898468, -0.1214294 , 4.596884 , 1
-3.048676, -0.1180115 , 4.50502 , 1
-3.218384, -0.09091187 , 4.399776 , 1
-3.383057, -0.07446289 , 4.287048 , 1
-3.551392, -0.07305908 , 4.162663 , 1
-3.694397, -0.07757568 , 4.051854 , 1
-3.824341, -0.07931519 , 3.946961 , 1
-3.928741, -0.08074951 , 3.859491 , 1
-4.009796, -0.07873535 , 3.785667 , 1
-4.08667, -0.07791138 , 3.714124 , 1
-4.166748, -0.04867554 , 3.642772 , 1
-4.238098, -0.03512573 , 3.575854 , 1
-4.317413, -0.06408691 , 3.48396 , 1
-4.402618, -0.03756714 , 3.398153 , 1
-4.506165, -0.05056763 , 3.274902 , 1
-4.600983, -0.07830811 , 3.151792 , 1
-4.698761, -0.06134033 , 3.029101 , 1
-4.824341, -0.02044678 , 2.875821 , 1
-4.933258, -0.01202393 , 2.728537 , 1
-5.027893, -0.02523804 , 2.59122 , 1
-5.104187, -0.03781128 , 2.466559 , 1
-5.1698, -0.06912231 , 2.358988 , 1
-5.201874, -0.09036255 , 2.308585 , 1
-5.209198, -0.09811401 , 2.301303 , 1
-5.202332, -0.1073303 , 2.336207 , 1
-5.16626, -0.1027832 , 2.427711 , 1
-5.07666, -0.08328247 , 2.590402 , 1
-4.959625, -0.06600952 , 2.782022 , 1
-4.794708, -0.06872559 , 3.011162 , 1
-4.634644, -0.06442261 , 3.228828 , 1
-4.438751, -0.06106567 , 3.465441 , 1
-4.278503, -0.07971191 , 3.637884 , 1
-4.099609, -0.108429 , 3.809853 , 1
-3.895721, -0.1291199 , 3.985674 , 1
-3.708008, -0.1096497 , 4.143206 , 1
-3.500763, -0.07519531 , 4.304107 , 1
-3.302307, -0.07278442 , 4.433153 , 1
-3.081787, -0.05157471 , 4.569158 , 1
-2.90033, -0.02896118 , 4.673079 , 1
-2.694733, -0.004211426 , 4.78327 , 1
-2.457428, 0.0128479 , 4.893907 , 1
-2.25354, 0.0178833 , 4.981683 , 1
-2.010193, 0.02853394 , 5.069639 , 1
-1.744385, 0.0552063 , 5.152519 , 1
-1.511627, 0.06292725 , 5.210632 , 1
-1.25592, 0.07327271 , 5.261772 , 1
-0.9635925, 0.07479858 , 5.307542 , 1
-0.7309265, 0.06448364 , 5.335852 , 1
-0.517395, 0.05126953 , 5.353456 , 1
-0.3361206, 0.0340271 , 5.361901 , 1
-0.1482849, 0.03137207 , 5.364033 , 1
0.01757813, 0.02331543 , 5.358818 , 1
0.1289673, 0.02008057 , 5.349988 , 1
0.2404175, 0.01739502 , 5.339929 , 1
0.358429, 0.01416016 , 5.323862 , 1
0.4812012, 0.01989746 , 5.303737 , 1
0.5796204, 0.02301025 , 5.284968 , 1
0.6429138, 0.02249146 , 5.269669 , 1
0.6393433, 0.01623535 , 5.267097 , 1
0.5562439, -0.006103516 , 5.280427 , 1
0.4093018, -0.0244751 , 5.301966 , 1
0.2622375, -0.03588867 , 5.319565 , 1
0.1165161, -0.03881836 , 5.328496 , 1
-0.01449585, -0.03610229 , 5.331553 , 1
-0.1471558, -0.03793335 , 5.330092 , 1
-0.3016052, -0.03372192 , 5.325434 , 1
-0.480835, -0.0350647 , 5.315898 , 1
-0.6599121, -0.04019165 , 5.301373 , 1
-0.838562, -0.04568481 , 5.283234 , 1
-0.9898376, -0.04690552 , 5.264324 , 1
-1.155518, -0.05984497 , 5.237497 , 1
-1.30426, -0.07156372 , 5.210465 , 1
-1.429779, -0.07061768 , 5.182769 , 1
-1.534576, -0.06314087 , 5.158213 , 1
-1.648956, -0.05535889 , 5.128102 , 1
-1.781281, -0.04925537 , 5.085501 , 1
-1.944366, -0.03720093 , 5.027266 , 1
-2.102783, -0.01971436 , 4.97171 , 1
-2.272827, -0.006225586 , 4.905634 , 1
-2.439789, -0.004486084 , 4.831659 , 1
-2.615448, 0.003082275 , 4.751047 , 1
-2.752869, 0.004760742 , 4.680734 , 1
-2.920013, 0.00402832 , 4.589656 , 1
-3.086853, -0.006195068 , 4.491634 , 1
-3.232056, -0.01049805 , 4.400878 , 1
-3.380432, -0.01507568 , 4.29939 , 1
-3.498383, -0.01287842 , 4.214083 , 1
-3.606812, -0.01895142 , 4.129772 , 1
-3.746826, -0.03540039 , 4.01598 , 1
-3.871063, -0.01452637 , 3.918471 , 1
-3.98111, -0.003234863 , 3.821863 , 1
-4.139465, -0.02493286 , 3.667461 , 1
-4.309723, 0.003845215 , 3.502498 , 1
-4.464813, -0.009277344 , 3.333128 , 1
-4.625275, -0.01602173 , 3.141957 , 1
-4.765991, -0.01202393 , 2.973294 , 1
-4.915771, -0.02056885 , 2.778441 , 1
-5.068359, -0.01538086 , 2.555834 , 1
-5.197144, -0.02279663 , 2.353462 , 1
-5.308105, -0.03985596 , 2.161067 , 2
-5.42395, -0.05911255 , 1.938183 , 2
-5.514771, -0.0965271 , 1.738189 , 2
-5.593536, -0.1375427 , 1.54693 , 2
-5.617188, -0.1420593 , 1.492485 , 2
-5.606171, -0.1123047 , 1.53359 , 2
-5.560974, -0.08279419 , 1.658396 , 2
-5.472443, -0.05661011 , 1.877814 , 2
-5.36142, -0.04318237 , 2.119367 , 2
-5.251282, -0.04406738 , 2.339875 , 2
-5.140106, -0.05307007 , 2.542744 , 2
-5.019897, -0.06588745 , 2.742391 , 2
-4.853699, -0.06970215 , 2.981531 , 2
-4.720581, -0.07202148 , 3.162023 , 2
-4.50827, -0.05361938 , 3.407881 , 2
-4.296906, -0.06112671 , 3.6277 , 2
-4.111481, -0.02694702 , 3.816962 , 2
-3.906403, -0.02124023 , 3.991508 , 2
-3.672607, -0.04327393 , 4.169281 , 2
-3.458344, -0.0201416 , 4.330657 , 2
-3.228333, -0.02175903 , 4.481071 , 2
-3.00528, -0.01034546 , 4.616367 , 2
-2.760773, -0.007049561 , 4.745787 , 2
-2.523193, -0.01190186 , 4.861421 , 2
-2.24939, -0.02032471 , 4.975072 , 2
-2.015625, -0.009490967 , 5.062215 , 2
-1.721863, 0.01928711 , 5.157187 , 2
-1.449768, 0.01818848 , 5.226396 , 2
-1.148743, 0.01763916 , 5.28646 , 2
-0.8201294, 0.03570557 , 5.332696 , 2
-0.5591125, 0.05700684 , 5.355794 , 2
-0.3393555, 0.065979 , 5.361677 , 2
-0.1466675, 0.05273438 , 5.353053 , 2
0.01522827, 0.0333252 , 5.338193 , 2
0.1758728, 0.02716064 , 5.319667 , 2
0.2976074, 0.02667236 , 5.306071 , 2
0.3868103, 0.02114868 , 5.293674 , 2
0.5187073, 0.01046753 , 5.272803 , 2
0.6338501, 0.01095581 , 5.251161 , 2
0.6967163, 0.02078247 , 5.237706 , 2
0.7081909, 0.02230835 , 5.234603 , 2
0.7019958, 0.02633667 , 5.234107 , 2
0.5557251, 0.01986694 , 5.255567 , 2
0.3800964, 0.009399414 , 5.277035 , 2
0.2002563, -0.009796143 , 5.292081 , 2
0.04934692, -0.0239563 , 5.296203 , 2
-0.1626282, -0.04119873 , 5.295221 , 2
-0.4075928, -0.05410767 , 5.288439 , 2
-0.6454468, -0.0592041 , 5.270324 , 2
-0.9063416, -0.06451416 , 5.241331 , 2
-1.168488, -0.07159424 , 5.202406 , 2
-1.389984, -0.05627441 , 5.164725 , 2
-1.61319, -0.06588745 , 5.113454 , 2
-1.786774, -0.07641602 , 5.066571 , 2
-1.952667, -0.07556152 , 5.015379 , 2
-2.103943, -0.07318115 , 4.962754 , 2
-2.241028, -0.06304932 , 4.910699 , 2
-2.383881, -0.05389404 , 4.853675 , 2
-2.500061, -0.04818726 , 4.801031 , 2
-2.620239, -0.04180908 , 4.743692 , 2
-2.724976, -0.02236938 , 4.693082 , 2
-2.808411, -0.01141357 , 4.649601 , 2
-2.899261, 0.001342773 , 4.598808 , 2
-2.983337, 0.005493164 , 4.544915 , 2
-3.084808, 0.0007629395 , 4.478308 , 2
-3.182648, -0.0118103 , 4.413941 , 2
-3.312531, -0.02935791 , 4.32167 , 2
-3.414734, -0.03259277 , 4.24732 , 2
-3.55423, -0.01617432 , 4.149518 , 2
-3.659424, -0.01190186 , 4.070076 , 2
-3.800018, 0.002166748 , 3.960263 , 2
-3.934357, 0.003448486 , 3.85141 , 2
-4.094635, 0.007415771 , 3.718396 , 2
-4.238342, 0.0295105 , 3.600222 , 2
-4.364105, 0.02255249 , 3.479795 , 2
-4.47879, 0.03662109 , 3.360978 , 2
-4.626068, 0.05877686 , 3.201143 , 2
-4.745392, 0.06469727 , 3.059684 , 2
-4.885498, 0.06518555 , 2.877238 , 2
-5.020691, 0.04647827 , 2.690598 , 2
-5.165802, 0.005859375 , 2.463696 , 2
-5.293488, -0.04095459 , 2.235632 , 2
-5.411438, -0.09094238 , 2.000013 , 3
-5.502014, -0.1272583 , 1.808889 , 3
-5.529694, -0.131897 , 1.75488 , 3
-5.498138, -0.1079102 , 1.831248 , 3
-5.431213, -0.09140015 , 1.987354 , 3
-5.330688, -0.07727051 , 2.198142 , 3
-5.206177, -0.06930542 , 2.427976 , 3
-5.01767, -0.07904053 , 2.723589 , 3
-4.822906, -0.08557129 , 3.000883 , 3
-4.647797, -0.09182739 , 3.233911 , 3
-4.39978, -0.1403503 , 3.515341 , 3
-4.16391, -0.1363831 , 3.761124 , 3
-3.948578, -0.1077881 , 3.967817 , 3
-3.720825, -0.09088135 , 4.155884 , 3
-3.411926, -0.07388306 , 4.375121 , 3
-3.185944, -0.08105469 , 4.51748 , 3
-2.905273, -0.06838989 , 4.676912 , 3
-2.664673, -0.05932617 , 4.801708 , 3
-2.474274, -0.05508423 , 4.896319 , 3
-2.259369, -0.04971313 , 4.994771 , 3
-2.048187, -0.04220581 , 5.078306 , 3
-1.808319, -0.06164551 , 5.1541 , 3
-1.599823, -0.06814575 , 5.207863 , 3
-1.362976, -0.07678223 , 5.258247 , 3
-1.141846, -0.07562256 , 5.292288 , 3
-0.9401855, -0.0763855 , 5.319149 , 3
-0.7343445, -0.08892822 , 5.337811 , 3
-0.5505371, -0.09667969 , 5.349583 , 3
-0.3977051, -0.09664917 , 5.357437 , 3
-0.2552185, -0.08596802 , 5.361258 , 3
-0.110199, -0.06668091 , 5.362844 , 3
0.03421021, -0.05123901 , 5.355856 , 3
0.1383057, -0.0463562 , 5.348392 , 3
0.2538452, -0.03579712 , 5.336146 , 3
0.3677063, -0.04336548 , 5.320458 , 3
0.4822083, -0.04849243 , 5.301659 , 3
0.5984497, -0.04812622 , 5.279714 , 3
0.6859131, -0.04455566 , 5.261139 , 3
0.7582703, -0.03869629 , 5.245074 , 3
0.7969055, -0.03237915 , 5.236635 , 3
0.782959, -0.03640747 , 5.236529 , 3
0.6960144, -0.03747559 , 5.248331 , 3
0.5441284, -0.03335571 , 5.267853 , 3
0.3890381, -0.02484131 , 5.28287 , 3
0.1802979, -0.01913452 , 5.297174 , 3
-0.08789063, -0.01312256 , 5.306611 , 3
-0.3240356, -0.01428223 , 5.303572 , 3
-0.6185913, -0.01104736 , 5.289826 , 3
-0.8889465, -0.01663208 , 5.264315 , 3
-1.172241, -0.04397583 , 5.223254 , 3
-1.401367, -0.0609436 , 5.180556 , 3
-1.647125, -0.07791138 , 5.125188 , 3
-1.85849, -0.1031189 , 5.067793 , 3
-2.050537, -0.1313782 , 5.007661 , 3
-2.198975, -0.129364 , 4.96099 , 3
-2.32135, -0.140564 , 4.912138 , 3
-2.440155, -0.1620789 , 4.858569 , 3
-2.554169, -0.1644287 , 4.804199 , 3
-2.701447, -0.1453552 , 4.735072 , 3
-2.830841, -0.1352844 , 4.666677 , 3
-2.977417, -0.1276245 , 4.580286 , 3
-3.077545, -0.1211548 , 4.516347 , 3
-3.21109, -0.09738159 , 4.42941 , 3
-3.322266, -0.09362793 , 4.349955 , 3
-3.46048, -0.07546997 , 4.252597 , 3
-3.588715, -0.04751587 , 4.165303 , 3
-3.68985, -0.0317688 , 4.089994 , 3
-3.793488, -0.02264404 , 4.002931 , 3
-3.902557, -0.02056885 , 3.908166 , 3
-4.005859, -0.01092529 , 3.813357 , 3
-4.118103, -0.01226807 , 3.701944 , 3
-4.262421, 6.103516E-05 , 3.558367 , 3
-4.382721, 0.02947998 , 3.437591 , 3
-4.527161, 0.03063965 , 3.267484 , 3
-4.666626, 0.00100708 , 3.0825 , 3
-4.83078, -0.01461792 , 2.854404 , 3
-4.951385, -0.01806641 , 2.681777 , 3
-5.087433, 0.02230835 , 2.478878 , 3
-5.194336, 0.02651978 , 2.291283 , 3
-5.272369, 0.03268433 , 2.15247 , 4
-5.335876, 0.02859497 , 2.030255 , 4
-5.381439, 0.01870728 , 1.940832 , 4
-5.399292, 0.0206604 , 1.915016 , 4
-5.385834, 0.02890015 , 1.966476 , 4
-5.328094, 0.02575684 , 2.106164 , 4
-5.183563, 0.004852295 , 2.374012 , 4
-5.042389, -0.01925659 , 2.612224 , 4
-4.841309, -0.03695679 , 2.913695 , 4
-4.677917, -0.04412842 , 3.142037 , 4
-4.484802, -0.03649902 , 3.383249 , 4
-4.290436, -0.01187134 , 3.606524 , 4
-4.046204, -0.03662109 , 3.837466 , 4
-3.846863, -0.05148315 , 4.009026 , 4
-3.661682, -0.05819702 , 4.155225 , 4
-3.418091, -0.0447998 , 4.330445 , 4
-3.211426, -0.03262329 , 4.469647 , 4
-2.99881, -0.02328491 , 4.602977 , 4
-2.751282, -0.03158569 , 4.744378 , 4
-2.533173, -0.04898071 , 4.856306 , 4
-2.305359, -0.05996704 , 4.958254 , 4
-2.092194, -0.06359863 , 5.043918 , 4
-1.894958, -0.06878662 , 5.115071 , 4
-1.689423, -0.0743103 , 5.17556 , 4
-1.46109, -0.07836914 , 5.234441 , 4
-1.233887, -0.08575439 , 5.281481 , 4
-1.05249, -0.08639526 , 5.314777 , 4
-0.8501282, -0.09729004 , 5.344735 , 4
-0.6873474, -0.1026917 , 5.364227 , 4
-0.5046387, -0.1090393 , 5.378596 , 4
-0.3076782, -0.1169128 , 5.388665 , 4
-0.1245728, -0.1356506 , 5.385636 , 4
0.06417847, -0.1494751 , 5.370946 , 4
0.2319641, -0.1563416 , 5.353936 , 4
0.4276733, -0.1500854 , 5.327045 , 4
0.6121521, -0.1364136 , 5.297952 , 4
0.7589111, -0.1271057 , 5.271109 , 4
0.8536377, -0.12146 , 5.249071 , 4
0.8945313, -0.1192017 , 5.236412 , 4
0.8361511, -0.1208191 , 5.247487 , 4
0.7345276, -0.1114807 , 5.267553 , 4
0.5870056, -0.1164246 , 5.294457 , 4
0.4738464, -0.111969 , 5.315331 , 4
0.3570251, -0.1059875 , 5.328874 , 4
0.180603, -0.1017151 , 5.340079 , 4
-0.03170776, -0.1086426 , 5.344467 , 4
-0.2631531, -0.1040649 , 5.345339 , 4
-0.4680481, -0.1016846 , 5.338474 , 4
-0.6991577, -0.1076965 , 5.32244 , 4
-0.9187012, -0.1008911 , 5.303364 , 4
-1.12085, -0.08972168 , 5.27516 , 4
-1.295349, -0.09207153 , 5.241274 , 4
-1.4776, -0.09396362 , 5.197747 , 4
-1.673248, -0.0944519 , 5.145001 , 4
-1.847107, -0.08920288 , 5.093137 , 4
-2.039764, -0.07351685 , 5.026613 , 4
-2.201263, -0.06008911 , 4.964707 , 4
-2.352356, -0.04644775 , 4.902446 , 4
-2.524628, -0.02636719 , 4.830396 , 4
-2.678833, -0.02529907 , 4.758021 , 4
-2.847504, -0.01104736 , 4.677283 , 4
-3.015442, -0.003143311 , 4.58536 , 4
-3.139771, 0.02316284 , 4.516276 , 4
-3.276764, 0.01538086 , 4.429239 , 4
-3.40448, 0.003387451 , 4.344305 , 4
-3.534119, -0.01272583 , 4.256206 , 4
-3.647278, -0.003173828 , 4.178358 , 4
-3.758667, 3.051758E-05 , 4.094502 , 4
-3.853973, -0.007537842 , 4.017045 , 4
-3.935669, 0.02279663 , 3.954098 , 4
-4.019348, 0.008728027 , 3.873598 , 4
-4.103851, -0.008605957 , 3.78565 , 4
-4.217651, -0.00692749 , 3.672232 , 4
-4.323334, 0.02645874 , 3.571207 , 4
-4.444458, 0.01208496 , 3.432508 , 4
-4.56073, 0.009368896 , 3.299712 , 4
-4.693237, 0.03137207 , 3.144466 , 4
-4.814362, 0.04443359 , 2.991311 , 4
-4.938202, 0.04367065 , 2.820757 , 4
-5.050446, 0.02505493 , 2.657244 , 4
-5.175598, -0.004547119 , 2.452021 , 4
-5.280212, -0.04150391 , 2.268066 , 4
