0.7053127
0.6023496
0.4147816
0.1317663
0.2243563
0.6233884
0.8371627
0.7076823
0.6216102
0.5169113
0.4684412
0.5246336
0.5042012
0.4923823
0.4113879
0.3896546
0.4052496
0.3731745
0.3713302
0.4134862
0.4240052
0.3761517
0.3613344
0.3453589
0.3617495
0.3272814
0.362424
0.3989056
0.477647
0.5189699
0.4141701
0.3780893
0.3575949
0.3637455
0.4940519
0.4321404
0.5219095
0.7916943
0.8416219
0.5882136
0.3074442
0.4353079
0.2155731
0.2141036
0.2105324
0.366648
0.4094563
0.7053127
0.6007888
0.4099908
0.1187814
0.2967335
0.6185527
0.795129
0.6822999
0.4923555
0.6114365
0.7457567
0.861943
0.7034302
0.5939272
0.4125187
0.09556659
0.3809977
0.6334864
0.7781599
0.6291136
0.6478076
0.7034302
0.580618
0.2328402
0.5289955
0.4992847
0.2736713
0.2921402
0.4344937
0.6044502
0.7034302
0.5996985
0.1598215
0.2116511
0.5325575
0.6545323
0.633092
0.5914153
0.547551
0.5426543
0.5712588
0.4178946
0.2820734
0.03524985
0.141995
0.2920369
0.4794027
0.6342696
0.8736241
0.9750189
1.036215
1.175847
1.23368
1.413985
1.500011
1.756739
1.823581
1.841908
1.944899
1.923134
1.987216
2.060612
1.957508
1.781812
1.292593
0.9480222
0.5107054
0.0869928
0.5842793
1.165856
1.716846
2.416275
2.967222
3.18841
3.369458
3.795687
4.045651
4.18854
4.411907
4.843983
4.782706
4.438882
0.7034302
0.4758268
0.256717
0.1230269
0.4686592
0.6930569
0.8413103
0.8770359
0.8446128
0.8961239
0.9901308
1.13719
0.7034302
0.5999258
0.3594617
0.1040383
0.3694564
0.6932404
0.9023705
0.9867249
0.8924648
0.8244581
0.7734569
0.5953852
0.5981108
0.4872532
0.4812832
0.5094056
0.433807
0.4650917
0.4885799
0.4199312
0.3879122
0.3509057
0.1793466
0.2034099
0.04961016
0.05931241
0.1332178
0.239082
0.2947365
0.2368841
0.1679289
0.1691504
0.193873
0.1919357
0.1755729
0.1286376
0.1335832
0.2535213
0.2776472
0.1879571
0.2004106
0.3560729
0.4468161
0.3330449
0.1994043
0.1335914
0.1291098
0.1135258
0.1818317
0.5279456
0.5905508
0.7034302
0.5571169
0.3184815
0.06268265
0.3048947
0.6939922
0.851433
0.9996292
1.147588
1.291679
0.7093673
0.5353149
0.4834524
0.5728266
0.5925879
0.6036844
0.7549655
0.988273
1.38467
2.18206
2.838615
2.913444
2.712438
2.063922
1.581027
1.255513
1.097604
0.9219993
0.7740385
1.027516
1.229894
0.7034302
0.554449
0.2387761
0.1582984
0.4474715
0.6124397
0.370594
0.3752642
0.2908975
0.2302704
0.08039479
0.06203866
0.05737979
0.08681852
0.08203372
0.04468982
0.04712357
0.06218306
0.06458439
0.06194581
0.1127551
0.1031231
0.03826287
0.05215396
0.0774985
0.09297655
0.0879956
0.1739953
0.1120212
0.1156489
0.2257605
0.145528
0.25276
0.1431287
0.1165036
0.1564821
0.2063943
0.1899471
0.2308243
0.2560725
0.3168401
0.252842
0.2949682
0.1051904
0.1069881
0.07652963
0.085848
0.08898092
0.06891571
0.1153947
0.0934532
0.1543464
0.1050728
0.1459759
0.153583
0.7034302
0.6006639
0.4518208
0.304015
0.1575756
0.05119588
0.1556309
0.3017979
0.4502454
0.6001841
0.7506803
0.9014547
1.052388
1.205081
1.358352
1.512025
0.7034302
0.6006638
0.4373208
0.2895701
0.143464
0.05192184
0.1692008
0.3159466
0.4645458
0.6145272
0.7650388
0.9158194
1.066755
0.7034302
0.5620062
0.2590794
0.1463478
0.4110099
0.6454076
0.747757
0.72332
0.674099
0.6371803
0.4458465
0.2106385
0.05460383
0.07882661
0.1092414
0.1129583
0.08244761
0.03062749
0.1024916
0.1760408
0.1078062
0.06889568
0.09127533
0.08308465
0.113589
0.1370432
0.128362
0.1102458
0.1069407
0.1379832
0.09703558
0.06850808
0.1084896
0.1939315
0.1630156
0.1273132
0.1268458
0.1580572
0.1804887
0.2290804
0.307795
0.3344553
0.1986866
0.1770352
0.1784099
0.1760009
0.1081221
0.1132681
0.07283755
0.08092511
0.07241597
0.0764778
0.09782563
0.1387356
0.08254282
0.1801915
0.09029792
0.08866035
0.06502356
0.03078879
0.07695395
0.06505106
0.08346491
0.06504898
0.07317264
0.03641452
0.01520651
0.005934263
0.02899571
0.05993091
0.07924633
0.1152517
0.09693566
0.1149425
0.1539908
0.1726742
0.1278571
0.1021878
0.2680188
0.1836026
0.09096941
0.1605014
0.242771
0.3112394
0.3352443
0.1854067
0.1846683
0.1885187
0.1827165
0.1190744
0.1796842
0.1309555
0.169431
0.116642
0.138565
0.1717102
0.155516
0.1668676
0.1944586
0.1454502
0.1519462
0.194235
0.2160358
0.09034899
0.1230062
0.0909602
0.1963122
0.196117
0.06209294
0.1291439
0.2258227
0.1598576
0.1208064
0.09757178
0.2045806
0.2617902
0.7034302
0.5392361
0.1935862
0.1919588
0.5689374
0.7234162
0.7135162
0.3115419
0.209088
0.1564631
0.1578536
0.1504118
0.1368212
0.1058799
0.05827456
0.04876016
0.06078351
0.04665004
0.08056144
0.05676492
0.05510193
0.05108552
0.0454466
0.08254001
0.09808553
0.1584935
0.1908482
0.1867512
0.1556217
0.1530695
0.1887619
0.1566032
0.1714552
0.07481749
0.1204924
0.1944536
0.255448
0.2494432
0.2068968
0.2034591
0.1610142
0.2768278
0.1403196
0.1018889
0.1374281
0.1627969
0.1226999
0.08375235
0.07058921
0.06254641
0.06765018
0.06672841
0.08878969
0.07691962
0.07460337
0.08365071
0.0779975
0.05345883
0.07632235
0.09559365
0.1172626
0.1143017
0.1677734
0.1869288
0.1639842
0.1471237
0.1095635
0.1051698
0.1035753
0.1057153
0.06680671
0.1078766
0.05590743
0.09175185
0.161044
0.1479433
0.1294471
0.125563
0.1137277
0.06887242
0.07740041
0.1626407
0.271397
0.3180981
0.1596672
0.2182122
0.1170899
0.1644888
0.08309972
0.1011137
0.1394049
0.1029024
0.1125955
0.1428426
0.1264921
0.1428999
0.1156201
0.1374292
0.1206878
0.1124881
0.1143105
0.1448912
0.1274863
0.09449325
0.1412279
0.08452329
0.1279518
0.05998003
0.1195285
0.1499927
0.08196563
0.0994589
0.074221
0.08867498
0.1696505
0.1492424
0.1918925
0.2045909
0.1179445
0.126578
0.2116905
0.1551546
0.1382024
0.126266
0.1059274
0.1038471
0.1361459
0.1054044
0.117462
0.1037413
0.1136844
0.144697
0.1076247
0.1189159
0.1151297
0.1196327
0.1249197
0.120948
0.1037468
0.1036358
0.126297
0.1213475
0.1447134
0.1680898
0.130805
0.120726
0.1535246
0.12047
0.125361
0.1549063
0.1688629
0.1158787
0.1532469
0.1626333
0.1517635
0.1354178
0.1543936
0.1439774
0.1684381
0.1068828
0.7034302
0.5645589
0.07192568
0.2765905
0.3758706
0.2306748
0.1558786
0.1790128
0.1973699
0.1696976
0.1894051
0.1643883
0.178487
0.1604664
0.1521659
0.1534327
0.1447179
0.1087247
0.1307453
0.1091274
0.07174672
0.07951085
0.1246503
0.1490482
0.1445673
0.1673946
0.06058982
0.1539982
0.1033221
0.1280615
0.1266406
0.1016116
0.09159778
0.1360973
0.1411296
0.08505701
0.1558046
0.1657198
0.1354639
0.1259114
0.1810739
0.1453301
0.1047647
0.1162848
0.09578668
0.0677606
0.09798865
0.08425263
0.06908685
0.05661007
0.09853383
0.07415818
0.05049214
0.04457174
0.07813933
0.04963963
0.1031242
0.036982
0.02881331
0.08414728
0.09974838
0.1005645
0.1569026
0.1515844
0.09531827
0.09060958
0.1399106
0.08084432
0.1344194
0.09391834
0.06496877
0.1390572
0.1114497
0.09203368
0.09533909
0.0633862
0.05635649
0.07410015
0.07880767
0.7034302
0.550144
0.08973413
0.2257409
0.1555244
0.1960103
0.04011395
0.09984404
0.06381276
0.04020748
0.01623468
0.02341707
0.09149422
0.1044294
0.03428191
0.08482376
0.02871247
0.7034302
0.5390868
0.2474087
0.4790198
0.6254089
0.3188592
0.2311738
0.4113254
0.09395355
0.1653284
0.3109507
0.4068692
0.4328115
0.1919229
0.1504066
0.1827199
0.1558739
0.1521949
0.1652707
0.1644555
0.1416254
0.09495726
0.1012716
0.1422903
0.1622971
0.1567169
0.03968186
0.3317821
0.1744206
0.04013221
0.05889189
0.05312872
0.1129197
0.1130015
0.09415265
0.06036238
0.08887742
0.08085477
0.1137186
0.1720013
0.1617775
0.1006517
0.1281156
0.1475312
0.1373934
0.1043783
0.09157718
0.1747256
0.1791108
0.133157
0.1710736
0.07732773
0.0694567
0.08275899
0.08992524
0.08419074
0.05545632
0.06343783
0.07348159
0.03933801
0.07303177
0.1226461
0.07849433
0.1192184
0.1031213
0.1164503
0.05842882
0.07283867
0.05768035
0.07911747
0.0594756
0.06557255
0.06733492
0.1017619
0.1328833
0.1246858
0.1604105
0.1294398
0.1133381
0.1437026
0.1484031
0.1626081
0.1115824
0.05342546
0.09622499
0.06365933
0.02133299
0.4157579
0.1050883
0.2081651
0.156582
0.1719143
0.1237596
0.1554714
0.09742404
0.1773244
0.20655
0.09002966
0.1281324
0.2275065
0.2082329
0.1956888
0.2053393
0.2586549
0.1712048
0.1680998
0.1936817
0.2147126
0.2365445
0.2024285
0.1738834
0.1430376
0.213448
0.1377867
0.09718413
0.05181642
0.1463715
0.08880343
0.2161635
0.2553287
0.2286364
0.2343313
0.1108958
0.07838795
0.2475449
0.3776841
0.3106986
0.1374525
0.1194039
0.06851096
0.03855956
0.06980823
0.08384629
0.1689859
0.168229
0.09657837
0.2104473
0.07086649
0.09549318
0.0766179
0.2416343
0.1997652
0.1564142
0.06528096
0.05400361
0.1393965
0.1586104
0.1381515
0.1064228
0.1306823
0.1584211
0.141753
0.1342982
0.2445332
0.128771
0.1620823
0.1749871
0.1667155
0.1500161
0.2147757
0.129601
0.1371557
0.1685693
0.1537501
0.1228526
0.07999178
