0.3480835, 0.0229187 , 5.448396 , 0
0.3209229, -0.01327515 , 5.437246 , 0
0.2870789, -0.1300049 , 5.425524 , 0
0.3102417, -0.2756958 , 5.417058 , 0
0.3786011, -0.4325562 , 5.401074 , 0
0.4554138, -0.5741272 , 5.38332 , 0
0.5082092, -0.6528931 , 5.37574 , 0
0.545929, -0.6724243 , 5.370152 , 0
0.5627136, -0.6543884 , 5.370619 , 0
0.5617371, -0.5949402 , 5.376967 , 0
0.5387878, -0.5247803 , 5.386944 , 0
0.5396118, -0.4190063 , 5.400696 , 0
0.5473022, -0.3340759 , 5.4117 , 0
0.5534668, -0.2790222 , 5.417699 , 0
0.5527344, -0.2325134 , 5.418526 , 0
0.5378418, -0.1875 , 5.419185 , 0
0.5091248, -0.1290894 , 5.421421 , 0
0.4933167, -0.0715332 , 5.422694 , 0
0.4820251, -0.04089355 , 5.421807 , 0
0.4671021, -0.01196289 , 5.421917 , 0
0.4569397, -0.001525879 , 5.421391 , 0
0.4494629, 0.007629395 , 5.420787 , 0
0.4425964, 0.01843262 , 5.420392 , 0
0.4385071, 0.02676392 , 5.419548 , 0
0.4306641, 0.03460693 , 5.418582 , 0
0.4289246, 0.04025269 , 5.418018 , 0
0.426239, 0.04336548 , 5.417695 , 0
0.427948, 0.04977417 , 5.416219 , 0
0.4299011, 0.05154419 , 5.416161 , 0
0.4328613, 0.05511475 , 5.416183 , 0
0.4341431, 0.05838013 , 5.415933 , 0
0.43396, 0.05996704 , 5.415772 , 0
0.4338074, 0.06210327 , 5.416067 , 0
0.4343872, 0.06338501 , 5.415885 , 0
0.4292908, 0.06188965 , 5.414815 , 0
0.4342346, 0.05563354 , 5.414598 , 0
0.4657898, 0.04302979 , 5.415085 , 0
0.5303345, 0.02758789 , 5.412539 , 0
0.6534424, 0.002716064 , 5.403651 , 0
0.7612915, -0.01974487 , 5.390091 , 0
0.8520813, -0.03781128 , 5.370535 , 0
0.891571, -0.04406738 , 5.357976 , 0
0.9167786, -0.04522705 , 5.34844 , 0
0.9378967, -0.04187012 , 5.339978 , 0
0.9455872, -0.02966309 , 5.335073 , 0
0.9422607, -0.01794434 , 5.33391 , 0
0.9265442, -0.00692749 , 5.334744 , 0
0.8820496, 0.007720947 , 5.338575 , 0
0.8189087, 0.01928711 , 5.343107 , 0
0.727417, 0.01568604 , 5.34813 , 0
0.6506958, -0.002197266 , 5.351049 , 0
0.5758057, -0.01428223 , 5.353769 , 0
0.4983521, -0.01626587 , 5.355665 , 0
0.41745, -0.02145386 , 5.356958 , 0
0.3600159, -0.02282715 , 5.355618 , 0
0.2887268, -0.01907349 , 5.353191 , 0
0.2364502, -0.0144043 , 5.351399 , 0
0.1967468, -0.01062012 , 5.350193 , 0
0.1534729, -0.01409912 , 5.346992 , 0
0.1264343, -0.01828003 , 5.345031 , 0
0.1046143, -0.01821899 , 5.34366 , 0
0.07843018, -0.0166626 , 5.341496 , 0
0.05859375, -0.02038574 , 5.33913 , 0
0.03433228, -0.02630615 , 5.33702 , 0
0.0163269, -0.02627563 , 5.336196 , 0
0.007873535, -0.02371216 , 5.336501 , 0
-0.01583862, -0.01049805 , 5.339068 , 0
-0.03390503, 0.004638672 , 5.346599 , 0
-0.0355835, 0.00604248 , 5.346547 , 0
-0.04064941, 0.00378418 , 5.346083 , 0
-0.04046631, 0.003509521 , 5.346125 , 0
-0.043396, 0.0001525879 , 5.346277 , 0
-0.04797363, 0.002563477 , 5.347279 , 0
-0.04748535, 0.003753662 , 5.348937 , 0
-0.04571533, 0.0001220703 , 5.350396 , 0
-0.04528809, 0.00177002 , 5.351817 , 0
-0.04675293, 0.008148193 , 5.355803 , 0
-0.0546875, 0.01635742 , 5.363705 , 0
-0.06048584, 0.02423096 , 5.369194 , 0
-0.06356812, 0.02441406 , 5.370201 , 0
-0.06732178, 0.03112793 , 5.361087 , 0
-0.05950928, 0.02178955 , 5.345924 , 0
-0.0333252, -0.00201416 , 5.338398 , 0
0.0128479, -0.02365112 , 5.336733 , 0
0.05783081, -0.0340271 , 5.337779 , 0
0.1053162, -0.03466797 , 5.340299 , 0
0.1534119, -0.02523804 , 5.343013 , 0
0.1951599, -0.00201416 , 5.344085 , 0
0.2134399, 0.03204346 , 5.348023 , 0
0.2052307, 0.07244873 , 5.349391 , 0
0.1833801, 0.1097412 , 5.347133 , 0
0.1480408, 0.1703186 , 5.340961 , 0
0.1202393, 0.2362366 , 5.33357 , 0
0.1056519, 0.3060913 , 5.328609 , 0
0.1052856, 0.3605042 , 5.32322 , 0
0.09823608, 0.4096375 , 5.319318 , 0
0.09262085, 0.4530029 , 5.316319 , 0
0.0916748, 0.4672546 , 5.315229 , 0
0.08990479, 0.4916992 , 5.3131 , 0
0.0927124, 0.5086975 , 5.310394 , 0
0.09161377, 0.5298767 , 5.30727 , 0
0.09039307, 0.5436096 , 5.304747 , 0
0.09240723, 0.5575867 , 5.301485 , 0
0.08706665, 0.5821228 , 5.297068 , 0
0.08328247, 0.6088562 , 5.293807 , 0
0.07659912, 0.6320801 , 5.290612 , 0
0.06994629, 0.6612549 , 5.285382 , 0
0.05923462, 0.6836853 , 5.280067 , 0
0.05377197, 0.7112122 , 5.272002 , 0
0.05197144, 0.7442017 , 5.262212 , 0
0.05093384, 0.7675781 , 5.25543 , 0
0.05603027, 0.7831116 , 5.250228 , 0
0.06481934, 0.7958069 , 5.246023 , 0
0.07434082, 0.8106079 , 5.24297 , 0
0.07617188, 0.8247986 , 5.240605 , 0
0.08032227, 0.8347168 , 5.239661 , 0
0.08059692, 0.8417969 , 5.238759 , 0
0.0847168, 0.848053 , 5.238172 , 0
0.0866394, 0.852356 , 5.237516 , 0
0.08425903, 0.8704224 , 5.232576 , 0
0.0899353, 0.8771973 , 5.231891 , 0
0.08938599, 0.8795471 , 5.231811 , 0
0.09359741, 0.8751526 , 5.233201 , 0
0.1120911, 0.8443909 , 5.238324 , 0
0.1386108, 0.7798157 , 5.250356 , 0
0.176178, 0.6822815 , 5.26596 , 0
0.2107239, 0.6002502 , 5.276991 , 0
0.2605896, 0.5070801 , 5.291714 , 0
0.2906189, 0.4294434 , 5.304556 , 0
0.3086853, 0.3393555 , 5.313128 , 0
0.3104248, 0.2692871 , 5.319377 , 0
0.302002, 0.1954041 , 5.324983 , 0
0.2889099, 0.1159058 , 5.331816 , 0
0.2672424, 0.05404663 , 5.339739 , 0
0.2475281, 0.0184021 , 5.345127 , 0
0.2390442, -0.009155273 , 5.348408 , 0
0.2252197, -0.0269165 , 5.350579 , 0
0.2172241, -0.03881836 , 5.351788 , 0
0.2120972, -0.05990601 , 5.353664 , 0
0.212616, -0.06976318 , 5.354831 , 0
0.2118835, -0.07293701 , 5.355274 , 0
0.2172241, -0.07644653 , 5.354973 , 0
0.2162476, -0.07296753 , 5.353904 , 0
0.210907, -0.06564331 , 5.354348 , 0
0.2051086, -0.05667114 , 5.354719 , 0
0.1981201, -0.05023193 , 5.355093 , 0
0.1993103, -0.04312134 , 5.355656 , 0
0.1928101, -0.03512573 , 5.355286 , 0
0.1855469, -0.02618408 , 5.354424 , 0
0.1883545, -0.02780151 , 5.353873 , 0
0.1884155, -0.02874756 , 5.353508 , 0
0.1857605, -0.03042603 , 5.353514 , 0
0.1826172, -0.0296936 , 5.353909 , 0
0.1704407, -0.03005981 , 5.355438 , 0
0.164856, -0.02868652 , 5.355762 , 0
0.162262, -0.03042603 , 5.355725 , 0
0.1503906, -0.0249939 , 5.355963 , 0
0.1066895, -0.0149231 , 5.352704 , 0
0.01446533, 0.01837158 , 5.344711 , 0
-0.02706909, 0.03375244 , 5.336914 , 0
-0.03997803, 0.05255127 , 5.331178 , 0
-0.02542114, 0.05053711 , 5.330729 , 0
0.01724243, 0.03857422 , 5.332808 , 0
0.06698608, 0.02270508 , 5.338836 , 0
0.1160889, 0.004699707 , 5.344374 , 0
0.1537476, -0.004119873 , 5.349832 , 0
0.1896362, -0.01306152 , 5.354493 , 0
0.2221069, -0.01705933 , 5.355544 , 0
0.245636, -0.007019043 , 5.355474 , 0
0.2557068, -0.0006408691 , 5.355354 , 0
0.2611694, 0.008850098 , 5.355051 , 0
0.2628784, 0.01553345 , 5.355273 , 0
0.2685852, 0.01715088 , 5.35519 , 0
0.2717896, 0.02035522 , 5.354271 , 0
0.2642822, 0.01907349 , 5.352079 , 0
0.2012024, 0.003234863 , 5.350356 , 0
0.09741211, -0.0163269 , 5.34657 , 0
-0.04855347, -0.02755737 , 5.335135 , 0
-0.1370544, -0.04656982 , 5.32831 , 0
-0.1968994, -0.05197144 , 5.3223 , 0
-0.2245789, -0.05819702 , 5.319703 , 0
-0.2221985, -0.06106567 , 5.320257 , 0
-0.1928406, -0.04711914 , 5.325887 , 0
-0.1712646, -0.03720093 , 5.328056 , 0
-0.1791077, -0.02865601 , 5.328074 , 0
-0.2429504, -0.03921509 , 5.320268 , 0
-0.3669434, -0.04885864 , 5.303925 , 0
-0.6013794, -0.04595947 , 5.262697 , 0
-0.8912659, -0.03152466 , 5.200496 , 0
-1.192108, -0.007476807 , 5.119292 , 0
-1.468506, 0.01327515 , 5.035047 , 0
-1.685944, 0.02679443 , 4.962395 , 0
-1.913147, 0.03967285 , 4.873699 , 0
-2.118561, 0.04321289 , 4.784867 , 0
-2.280731, 0.04046631 , 4.705609 , 0
-2.415497, 0.03594971 , 4.636309 , 0
-2.531067, 0.0269165 , 4.575236 , 0
-2.627747, 0.02377319 , 4.520422 , 0
-2.709412, 0.01419067 , 4.470255 , 0
-2.825043, 0.006774902 , 4.398521 , 0
-2.938568, -0.001403809 , 4.324703 , 0
-3.058075, -0.004150391 , 4.242269 , 0
-3.167664, 0.0001220703 , 4.165221 , 0
-3.298096, 0.005615234 , 4.063765 , 0
-3.432678, 0.0118103 , 3.94461 , 0
-3.561066, 0.0194397 , 3.821053 , 0
-3.690765, 0.01113892 , 3.686407 , 0
-3.809052, 0.00680542 , 3.558243 , 0
-3.924408, 0.00378418 , 3.42035 , 0
-4.008087, 0.002410889 , 3.316137 , 0
-4.077728, -0.0008850098 , 3.22591 , 0
-4.15152, -0.005828857 , 3.127396 , 0
-4.229218, -0.000579834 , 3.018043 , 0
-4.305634, 0.007629395 , 2.906746 , 0
-4.378571, 0.0128479 , 2.787172 , 0
-4.453491, 0.007141113 , 2.658146 , 0
-4.518768, 0.001708984 , 2.529448 , 0
-4.583038, -0.01217651 , 2.387804 , 0
-4.663544, -0.03878784 , 2.182483 , 0
-4.714325, -0.06723022 , 2.026927 , 0
-4.724335, -0.07104492 , 1.994543 , 0
-4.654358, -0.06317139 , 2.183691 , 0
-4.508789, -0.06005859 , 2.524242 , 0
-4.295441, -0.04464722 , 2.92433 , 0
-4.094147, -0.03674316 , 3.235024 , 0
-3.864624, -0.02426147 , 3.532145 , 0
-3.635773, -0.0234375 , 3.780492 , 0
-3.410278, -0.01116943 , 3.998727 , 0
-3.222168, -0.005950928 , 4.158927 , 0
-3.022339, -0.00177002 , 4.314739 , 0
-2.8479, -0.008056641 , 4.442947 , 0
-2.6698, -0.01937866 , 4.558661 , 0
-2.494812, -0.02746582 , 4.664467 , 0
-2.33194, -0.02334595 , 4.756773 , 0
-2.193848, -0.03094482 , 4.825721 , 0
-2.066803, -0.03375244 , 4.882407 , 0
-1.943726, -0.03500366 , 4.934893 , 0
-1.807648, -0.04528809 , 4.991179 , 0
-1.720856, -0.04678345 , 5.024943 , 0
-1.656769, -0.04360962 , 5.04761 , 0
-1.60025, -0.03726196 , 5.068383 , 0
-1.553284, -0.03393555 , 5.083998 , 0
-1.488464, -0.002471924 , 5.10672 , 0
-1.365875, 0.009552002 , 5.145874 , 0
-1.226837, 0.01556396 , 5.180151 , 0
-1.042664, 0.01397705 , 5.231647 , 0
-0.8709717, -0.0001525879 , 5.272552 , 0
-0.6976929, -0.005401611 , 5.306696 , 0
-0.5380249, -0.0145874 , 5.329289 , 0
-0.3847656, -0.02713013 , 5.348318 , 0
-0.2692871, -0.02206421 , 5.358569 , 0
-0.1447144, -0.007659912 , 5.363949 , 0
-0.01528931, -0.001739502 , 5.370495 , 0
0.1191406, 0.006225586 , 5.373462 , 0
0.2375488, 0.01821899 , 5.370388 , 0
0.3320923, 0.02508545 , 5.362178 , 0
0.3903198, 0.03146362 , 5.358808 , 0
0.4450378, 0.03637695 , 5.354079 , 0
0.4676514, 0.03149414 , 5.352162 , 0
0.4754028, 0.03622437 , 5.351946 , 0
0.4577332, 0.03289795 , 5.355712 , 0
0.3962097, 0.02209473 , 5.36227 , 0
0.3187256, 0.009887695 , 5.369888 , 0
0.2144775, -0.003509521 , 5.373042 , 0
0.07632446, -0.01837158 , 5.372386 , 0
-0.07876587, -0.02365112 , 5.364199 , 0
-0.2426758, -0.0255127 , 5.347801 , 0
-0.4282532, -0.03103638 , 5.326051 , 0
-0.6095581, -0.02462769 , 5.296314 , 0
-0.8221436, -0.01528931 , 5.248269 , 0
-1.038269, -0.0296936 , 5.194749 , 0
-1.244873, -0.03817749 , 5.136946 , 0
-1.438263, -0.04580688 , 5.075254 , 0
-1.593567, -0.05715942 , 5.018737 , 0
-1.759583, -0.06039429 , 4.953464 , 0
-1.917969, -0.05578613 , 4.882671 , 0
-2.062439, -0.04937744 , 4.814469 , 0
-2.233978, -0.03143311 , 4.729167 , 0
-2.393677, -0.009857178 , 4.640105 , 0
-2.516693, 0.009216309 , 4.568398 , 0
-2.670929, 0.03283691 , 4.460166 , 0
-2.836029, 0.04519653 , 4.345268 , 0
-2.971527, 0.05285645 , 4.244783 , 0
-3.100647, 0.05957031 , 4.142385 , 0
-3.221832, 0.05273438 , 4.038714 , 0
-3.332123, 0.04171753 , 3.94353 , 0
-3.437775, 0.03097534 , 3.844211 , 0
-3.528198, 0.02999878 , 3.755931 , 0
-3.61618, 0.0274353 , 3.667807 , 0
-3.707153, 0.02307129 , 3.574601 , 0
-3.817139, 0.01644897 , 3.454644 , 0
-3.897614, 0.01855469 , 3.358393 , 0
-4.023895, 0.02432251 , 3.194335 , 0
-4.143036, 0.03244019 , 3.027363 , 0
-4.242584, 0.03656006 , 2.875557 , 0
-4.328918, 0.04006958 , 2.733435 , 0
-4.395569, 0.04391479 , 2.615038 , 0
-4.453705, 0.03070068 , 2.496177 , 0
-4.501068, 0.01315308 , 2.374781 , 0
-4.522003, -0.01635742 , 2.302633 , 0
-4.533081, -0.02658081 , 2.261915 , 0
-4.524048, -0.04806519 , 2.258363 , 0
-4.504425, -0.05377197 , 2.273944 , 0
-4.4534, -0.06130981 , 2.413902 , 0
-4.321198, -0.05612183 , 2.707817 , 0
-4.138763, -0.04891968 , 3.036542 , 0
-3.932068, -0.05078125 , 3.347717 , 0
-3.704285, -0.07904053 , 3.629115 , 0
-3.485657, -0.09729004 , 3.865349 , 0
-3.295441, -0.1029663 , 4.041101 , 0
-3.077301, -0.08584595 , 4.229126 , 0
-2.847534, -0.05908203 , 4.404305 , 0
-2.634155, -0.04095459 , 4.548761 , 0
-2.422485, -0.01626587 , 4.677556 , 0
-2.229309, -0.008117676 , 4.782256 , 0
-2.089569, -0.005767822 , 4.847074 , 0
-2.01297, -0.00881958 , 4.880332 , 0
-1.960968, -0.007110596 , 4.902053 , 0
-1.893372, -0.002532959 , 4.931084 , 0
-1.791595, -0.001434326 , 4.972908 , 0
-1.671997, -0.003387451 , 5.019825 , 0
-1.538605, 0.002990723 , 5.071473 , 0
-1.377472, -0.006774902 , 5.127809 , 0
-1.19223, -0.01306152 , 5.185512 , 0
-1.009216, -0.000793457 , 5.236184 , 0
-0.8013916, 0.02059937 , 5.278099 , 0
-0.6020813, 0.02828979 , 5.312091 , 0
-0.4558105, 0.03039551 , 5.329063 , 0
-0.3477478, 0.02114868 , 5.338437 , 0
-0.2675171, 0.007720947 , 5.344851 , 0
-0.1748352, -0.01779175 , 5.349934 , 0
-0.09963989, -0.02694702 , 5.354699 , 0
-0.009338379, -0.01156616 , 5.360121 , 0
0.1051941, 0.0006408691 , 5.368011 , 0
0.224823, 0.00894165 , 5.37696 , 0
0.3607483, 0.02072144 , 5.378875 , 0
0.4792786, 0.02035522 , 5.377742 , 0
0.5764465, -0.003723145 , 5.373744 , 0
0.6126404, -0.01641846 , 5.372226 , 0
0.606842, -0.01885986 , 5.370668 , 0
0.5233154, -0.02868652 , 5.375491 , 0
0.4022827, -0.03594971 , 5.383049 , 0
0.2919922, -0.03463745 , 5.385986 , 0
0.1439514, -0.04077148 , 5.386032 , 0
-0.04934692, -0.03933716 , 5.373633 , 0
-0.256958, -0.02722168 , 5.354201 , 0
-0.4647827, -0.02075195 , 5.325898 , 0
-0.6800537, -0.009735107 , 5.287337 , 0
-0.9105835, -0.006469727 , 5.237579 , 0
-1.116425, -0.005493164 , 5.182541 , 0
-1.343872, -0.009216309 , 5.111538 , 0
-1.572083, -0.03121948 , 5.033305 , 0
-1.749573, -0.06039429 , 4.966004 , 0
-1.914795, -0.09020996 , 4.897263 , 0
-2.060577, -0.1047668 , 4.831102 , 0
-2.193329, -0.1241455 , 4.765203 , 0
-2.333313, -0.1401978 , 4.688132 , 0
-2.472382, -0.1469421 , 4.606837 , 0
-2.589905, -0.1416626 , 4.539864 , 0
-2.725189, -0.1274719 , 4.459233 , 0
-2.83374, -0.1231079 , 4.38819 , 0
-2.956116, -0.1035156 , 4.296143 , 0
-3.075165, -0.0819397 , 4.205047 , 0
-3.210449, -0.06924438 , 4.092887 , 0
-3.312683, -0.05493164 , 4.004031 , 0
-3.427948, -0.02749634 , 3.900173 , 0
-3.528564, -0.01321411 , 3.801171 , 0
-3.611755, -0.008087158 , 3.713244 , 0
-3.694214, -0.009552002 , 3.613636 , 0
-3.796722, -0.01391602 , 3.481458 , 0
-3.882874, -0.01956177 , 3.361566 , 0
-3.984253, -0.02438354 , 3.215332 , 0
-4.066833, -0.01809692 , 3.093912 , 0
-4.175262, -0.008392334 , 2.914268 , 0
-4.279663, 0.0004272461 , 2.726057 , 0
-4.364014, -0.01043701 , 2.550722 , 0
-4.434052, -0.01690674 , 2.371982 , 0
-4.487793, -0.02307129 , 2.22462 , 0
-4.525116, -0.02087402 , 2.123664 , 0
-4.523224, -0.02838135 , 2.147079 , 0
-4.490021, -0.01983643 , 2.266459 , 0
-4.416199, -0.0397644 , 2.460465 , 0
-4.345428, -0.03814697 , 2.638767 , 0
-4.22049, -0.03219604 , 2.906355 , 0
-4.079315, -0.03482056 , 3.15691 , 0
-3.936584, -0.03671265 , 3.371756 , 0
-3.786377, -0.02709961 , 3.566861 , 0
-3.621613, -0.01882935 , 3.750309 , 0
-3.423157, -0.02648926 , 3.947989 , 0
-3.227203, -0.02542114 , 4.132288 , 0
-3.023804, -0.02468872 , 4.301906 , 0
-2.827759, -0.02346802 , 4.439717 , 0
-2.604431, -0.02841187 , 4.585688 , 0
-2.426178, -0.03424072 , 4.693203 , 0
-2.282959, -0.04083252 , 4.771583 , 0
-2.177795, -0.04562378 , 4.824757 , 0
-2.054596, -0.03570557 , 4.886108 , 0
-1.904083, -0.03335571 , 4.949602 , 0
-1.718719, -0.02993774 , 5.021608 , 0
-1.540924, 0.006958008 , 5.082855 , 0
-1.394226, 0.04360962 , 5.13141 , 0
-1.26239, 0.06976318 , 5.167542 , 0
-1.118225, 0.07434082 , 5.205577 , 0
-0.9954529, 0.07080078 , 5.234426 , 0
-0.8459778, 0.06872559 , 5.264644 , 0
-0.7273254, 0.05621338 , 5.284536 , 0
-0.6160583, 0.04364014 , 5.30379 , 0
-0.5062561, 0.03277588 , 5.320092 , 0
-0.3756104, 0.02706909 , 5.338536 , 0
-0.2125244, 0.03457642 , 5.356243 , 0
-0.01495361, 0.0531311 , 5.361305 , 0
0.1622314, 0.05532837 , 5.364539 , 0
0.3010864, 0.0512085 , 5.36246 , 0
0.4098511, 0.05377197 , 5.360112 , 0
0.5121765, 0.03286743 , 5.358963 , 0
0.5606689, 0.005371094 , 5.364144 , 0
0.5961914, -0.02276611 , 5.368331 , 0
0.6160889, -0.03561401 , 5.370806 , 0
0.6070862, -0.0451355 , 5.37341 , 0
0.5856323, -0.05551147 , 5.375338 , 0
0.5622864, -0.06448364 , 5.377748 , 0
0.5308838, -0.065979 , 5.379398 , 0
0.4863892, -0.05587769 , 5.379031 , 0
0.3985291, -0.04547119 , 5.382276 , 0
0.250824, -0.03720093 , 5.381719 , 0
0.04281616, -0.02838135 , 5.367093 , 0
-0.2327271, -0.0112915 , 5.336633 , 0
-0.5374756, -0.002471924 , 5.289906 , 0
-0.8372803, -0.003662109 , 5.225914 , 0
-1.108582, -0.02142334 , 5.159765 , 0
-1.346588, -0.03604126 , 5.093626 , 0
-1.540833, -0.03509521 , 5.034774 , 0
-1.728821, -0.02157593 , 4.966783 , 0
-1.951385, -0.01022339 , 4.87644 , 0
-2.150757, -0.0118103 , 4.786195 , 0
-2.325714, -0.007720947 , 4.701426 , 0
-2.490326, -0.003479004 , 4.617817 , 0
-2.618744, -0.009277344 , 4.547123 , 0
-2.725433, -0.01156616 , 4.484946 , 0
-2.800903, -0.01696777 , 4.437984 , 0
-2.856171, -0.02035522 , 4.402609 , 0
-2.911652, -0.0222168 , 4.368021 , 0
-2.965698, -0.01901245 , 4.329289 , 0
-3.040253, -0.01544189 , 4.2725 , 0
-3.140137, -0.006591797 , 4.188912 , 0
-3.24884, 0.01010132 , 4.093747 , 0
-3.367188, 0.02676392 , 3.989642 , 0
-3.503479, 0.04397583 , 3.859237 , 0
-3.635101, 0.05325317 , 3.726569 , 0
-3.775269, 0.05941772 , 3.570938 , 0
-3.87146, 0.05981445 , 3.461737 , 0
-3.97168, 0.06317139 , 3.335836 , 0
-4.064026, 0.06912231 , 3.207982 , 0
-4.164063, 0.0866394 , 3.061258 , 0
-4.286224, 0.1135254 , 2.863269 , 0
-4.392029, 0.1299438 , 2.680845 , 0
-4.485077, 0.1341553 , 2.49869 , 0
-4.590057, 0.1235046 , 2.271342 , 0
-4.697815, 0.1358337 , 2.004722 , 0
-4.756592, 0.1496277 , 1.834151 , 1
-4.781799, 0.1506042 , 1.734218 , 1
-4.769989, 0.1302795 , 1.747887 , 1
-4.698425, 0.1129456 , 1.9474 , 1
-4.597443, 0.07830811 , 2.223067 , 1
-4.480408, 0.05633545 , 2.496744 , 1
-4.339966, 0.04702759 , 2.77983 , 1
-4.207245, 0.04241943 , 3.015394 , 1
-4.072662, 0.02853394 , 3.220107 , 1
-3.888184, 0.003265381 , 3.462955 , 1
-3.698425, -0.02255249 , 3.67743 , 1
-3.50705, -0.02508545 , 3.871236 , 1
-3.325684, -0.0133667 , 4.037848 , 1
-3.112701, 0.003845215 , 4.216932 , 1
-2.903076, 0.01290894 , 4.366565 , 1
-2.666412, 0.005371094 , 4.527437 , 1
-2.443085, -0.001556396 , 4.65795 , 1
-2.231995, -0.001068115 , 4.77002 , 1
-2.036041, 0.01113892 , 4.869351 , 1
-1.853516, 0.002410889 , 4.947744 , 1
-1.679169, 0.002349854 , 5.017619 , 1
-1.54953, -0.007446289 , 5.064883 , 1
-1.42514, -0.01974487 , 5.104197 , 1
-1.326569, -0.02575684 , 5.135304 , 1
-1.217346, -0.02508545 , 5.168062 , 1
-1.091461, -0.009552002 , 5.201447 , 1
-0.9399109, 0.02017212 , 5.232862 , 1
-0.7592163, 0.03219604 , 5.265039 , 1
-0.6011353, 0.02719116 , 5.28917 , 1
-0.4532471, 0.01104736 , 5.30554 , 1
-0.3113708, -9.155273E-05 , 5.318451 , 1
-0.1724548, -0.01010132 , 5.329848 , 1
-0.034729, -0.02246094 , 5.336805 , 1
0.1191101, -0.05914307 , 5.344946 , 1
0.2335205, -0.08102417 , 5.350069 , 1
0.2862244, -0.09506226 , 5.348582 , 1
0.3128357, -0.09698486 , 5.34679 , 1
0.3249817, -0.1008606 , 5.346488 , 1
0.3211365, -0.1092224 , 5.347227 , 1
0.3199463, -0.1062622 , 5.347721 , 1
0.3258667, -0.1054993 , 5.348204 , 1
0.3210144, -0.0958252 , 5.349235 , 1
0.2857971, -0.08242798 , 5.353091 , 1
0.2212524, -0.08483887 , 5.351519 , 1
0.1325073, -0.09664917 , 5.348798 , 1
0.04672241, -0.1041565 , 5.344138 , 1
-0.127655, -0.09683228 , 5.32341 , 1
-0.3208008, -0.09051514 , 5.298733 , 1
-0.5667114, -0.0847168 , 5.258969 , 1
-0.7584534, -0.0838623 , 5.223971 , 1
-0.9746094, -0.09927368 , 5.177457 , 1
-1.175507, -0.1222229 , 5.124647 , 1
-1.364807, -0.1273804 , 5.070181 , 1
-1.534241, -0.1278381 , 5.012715 , 1
-1.67868, -0.1249695 , 4.96279 , 1
-1.815521, -0.1202393 , 4.910695 , 1
-1.946991, -0.1096191 , 4.857807 , 1
-2.09198, -0.08947754 , 4.793847 , 1
-2.21994, -0.07730103 , 4.73424 , 1
-2.355103, -0.06680298 , 4.667057 , 1
-2.497498, -0.059021 , 4.591201 , 1
-2.618256, -0.05337524 , 4.522094 , 1
-2.752533, -0.04330444 , 4.436007 , 1
-2.869324, -0.04394531 , 4.356609 , 1
-2.999359, -0.04290771 , 4.261721 , 1
-3.110565, -0.0484314 , 4.176977 , 1
-3.213501, -0.05606079 , 4.096627 , 1
-3.323883, -0.04922485 , 4.004682 , 1
-3.434387, -0.04180908 , 3.903926 , 1
-3.551147, -0.03555298 , 3.789352 , 1
-3.69165, -0.01977539 , 3.644309 , 1
-3.816681, -0.00894165 , 3.50485 , 1
-3.934387, 0.001739502 , 3.358129 , 1
-4.037445, -0.001861572 , 3.217211 , 1
-4.16748, -0.00970459 , 3.015567 , 1
-4.279999, -0.006652832 , 2.823684 , 1
-4.373535, -0.008209229 , 2.653844 , 1
-4.455505, -0.01379395 , 2.48451 , 1
-4.519714, -0.03042603 , 2.325344 , 1
-4.600372, -0.04684448 , 2.090641 , 1
-4.653564, -0.04693604 , 1.861431 , 1
-4.68573, -0.03302002 , 1.728368 , 1
-4.670319, -0.04873657 , 1.780944 , 1
-4.58551, -0.09225464 , 2.072123 , 1
-4.439453, -0.1452637 , 2.465897 , 1
-4.27951, -0.1903381 , 2.808704 , 1
-4.078979, -0.2016296 , 3.154649 , 1
-3.909882, -0.206543 , 3.404651 , 1
-3.749542, -0.1901245 , 3.606396 , 1
-3.57959, -0.1628418 , 3.796761 , 1
-3.414673, -0.1311951 , 3.962985 , 1
-3.236511, -0.09048462 , 4.117406 , 1
-3.089233, -0.05914307 , 4.238151 , 1
-2.920166, -0.0322876 , 4.364371 , 1
-2.755463, -0.004821777 , 4.47858 , 1
-2.582153, 0.01733398 , 4.58752 , 1
-2.409332, 0.04064941 , 4.680817 , 1
-2.213898, 0.05056763 , 4.778395 , 1
-2.044434, 0.04818726 , 4.861913 , 1
-1.848419, 0.03689575 , 4.945927 , 1
-1.646271, 0.01583862 , 5.019061 , 1
-1.452576, 0.007202148 , 5.082419 , 1
-1.278748, 0.009857178 , 5.132927 , 1
-1.097443, -0.001739502 , 5.179431 , 1
-0.9544373, -0.003387451 , 5.209794 , 1
-0.8114624, 0.002563477 , 5.239028 , 1
-0.7043152, 0.01144409 , 5.259514 , 1
-0.6088867, 0.01119995 , 5.272865 , 1
-0.5263062, 0.006500244 , 5.283909 , 1
-0.4425659, 0.009887695 , 5.293491 , 1
-0.3630676, 0.007904053 , 5.302462 , 1
-0.2123718, 0.01922607 , 5.31301 , 1
-0.0369873, 0.02883911 , 5.325295 , 1
0.1140747, 0.0249939 , 5.332072 , 1
0.2522888, 0.02731323 , 5.335365 , 1
0.3692322, 0.02651978 , 5.335436 , 1
0.4750061, 0.02728271 , 5.32953 , 1
0.542572, 0.02468872 , 5.324521 , 1
0.5527039, 0.02340698 , 5.323396 , 1
0.5505066, 0.02331543 , 5.323463 , 1
0.4582825, 0.002716064 , 5.323886 , 1
0.3335571, -0.01702881 , 5.319776 , 1
0.1957397, -0.02053833 , 5.315613 , 1
0.06185913, -0.01467896 , 5.308461 , 1
-0.04660034, -0.01092529 , 5.298696 , 1
-0.1707458, -0.01528931 , 5.283576 , 1
-0.3124695, -0.02792358 , 5.263983 , 1
-0.4559326, -0.03417969 , 5.242457 , 1
-0.5977783, -0.03656006 , 5.219057 , 1
-0.7911377, -0.03024292 , 5.181856 , 1
-1.00119, -0.03042603 , 5.13308 , 1
-1.224762, -0.02487183 , 5.072393 , 1
-1.427002, -0.01446533 , 5.01027 , 1
-1.642212, 0.0004272461 , 4.936291 , 1
-1.823151, 0.0138855 , 4.866732 , 1
-2.005554, 0.0196228 , 4.787318 , 1
-2.195282, 0.02178955 , 4.699214 , 1
-2.361298, 0.01983643 , 4.614419 , 1
-2.537964, 0.02175903 , 4.513098 , 1
-2.649658, 0.02050781 , 4.44355 , 1
-2.793793, 0.003326416 , 4.350272 , 1
-2.911407, -0.0161438 , 4.272167 , 1
-3.036316, -0.02435303 , 4.187493 , 1
-3.138031, -0.03167725 , 4.113108 , 1
-3.266724, -0.03167725 , 4.013227 , 1
-3.394196, -0.02734375 , 3.905489 , 1
-3.504852, -0.01080322 , 3.803633 , 1
-3.616852, 0.005554199 , 3.693046 , 1
-3.701202, 0.01672363 , 3.604964 , 1
-3.807678, 0.03256226 , 3.491465 , 1
-3.880676, 0.03756714 , 3.408148 , 1
-3.946014, 0.05224609 , 3.327861 , 1
-3.991486, 0.05374146 , 3.270427 , 1
-4.041809, 0.05865479 , 3.204893 , 1
-4.102051, 0.06808472 , 3.123241 , 1
-4.163391, 0.07046509 , 3.028249 , 1
-4.247314, 0.07489014 , 2.889035 , 1
-4.314026, 0.0798645 , 2.771077 , 1
-4.393707, 0.0921936 , 2.621165 , 1
-4.459625, 0.09411621 , 2.489379 , 1
-4.555847, 0.07009888 , 2.25002 , 1
-4.628662, 0.04779053 , 2.034908 , 1
-4.673248, 0.03292847 , 1.853347 , 1
-4.673096, 0.02099609 , 1.820411 , 1
-4.640839, -0.0001525879 , 1.948695 , 1
-4.550476, -0.02462769 , 2.248982 , 1
-4.41449, -0.02697754 , 2.582882 , 1
-4.261902, -0.02310181 , 2.880948 , 1
-4.101349, -0.02185059 , 3.142297 , 1
-3.968719, -0.008666992 , 3.330997 , 1
-3.82251, 0.007843018 , 3.511838 , 1
-3.675385, 0.01257324 , 3.678239 , 1
-3.496857, 0.01611328 , 3.859718 , 1
-3.296661, 0.003540039 , 4.048168 , 1
-3.101898, -0.00994873 , 4.214914 , 1
-2.871735, -0.03091431 , 4.390319 , 1
-2.658905, -0.03631592 , 4.533132 , 1
-2.471405, -0.02453613 , 4.646179 , 1
-2.250488, -0.03112793 , 4.766411 , 1
-2.055145, -0.01226807 , 4.865123 , 1
-1.8862, 0.03128052 , 4.941072 , 1
-1.726776, 0.06637573 , 5.004978 , 1
-1.610168, 0.09820557 , 5.04804 , 1
-1.489746, 0.1129761 , 5.086784 , 1
-1.385895, 0.114502 , 5.116087 , 1
-1.278381, 0.1132813 , 5.146152 , 1
-1.148163, 0.08889771 , 5.179813 , 1
-1.009613, 0.06558228 , 5.215556 , 1
-0.8511963, 0.05307007 , 5.252277 , 1
-0.6862793, 0.02999878 , 5.280177 , 1
-0.5489502, 0.001434326 , 5.299487 , 1
-0.4046936, -0.01611328 , 5.320013 , 1
-0.2723083, -0.008453369 , 5.333898 , 1
-0.1124878, -0.009094238 , 5.338601 , 1
0.05670166, 0.005981445 , 5.340517 , 1
0.2110596, 0.02529907 , 5.336777 , 1
0.3559265, 0.0335083 , 5.329602 , 1
0.4884033, 0.04144287 , 5.321764 , 1
0.6046448, 0.0428772 , 5.307595 , 1
0.6661682, 0.03979492 , 5.297947 , 1
0.6757202, 0.04647827 , 5.296103 , 1
0.6356812, 0.03878784 , 5.299912 , 1
0.5125122, 0.02166748 , 5.310838 , 1
0.3751221, 0.01193237 , 5.318389 , 1
0.2321472, -0.01306152 , 5.320343 , 1
0.07064819, -0.03359985 , 5.316937 , 1
-0.09622192, -0.0440979 , 5.304713 , 1
-0.2793884, -0.05654907 , 5.2846 , 1
-0.4759216, -0.07498169 , 5.259075 , 1
-0.6621704, -0.08435059 , 5.228656 , 1
-0.8327942, -0.08547974 , 5.195357 , 1
-1.023895, -0.08428955 , 5.150278 , 1
-1.245789, -0.0776062 , 5.089237 , 1
-1.462524, -0.07528687 , 5.022217 , 1
-1.633057, -0.07702637 , 4.964147 , 1
-1.804108, -0.06192017 , 4.900993 , 1
-1.96347, -0.03897095 , 4.837466 , 1
-2.093994, -0.01928711 , 4.780847 , 1
-2.232605, 0.0006408691 , 4.714269 , 1
-2.383514, 0.007202148 , 4.634493 , 1
-2.503571, -0.0001831055 , 4.564993 , 1
-2.594849, -0.01138306 , 4.510658 , 1
-2.704071, -0.01522827 , 4.441638 , 1
-2.803192, -0.01437378 , 4.376575 , 1
-2.897766, -0.01712036 , 4.314095 , 1
-2.989014, -0.01821899 , 4.251285 , 1
-3.099304, -0.0144043 , 4.169107 , 1
-3.209869, -0.01086426 , 4.078769 , 1
-3.318481, -0.003082275 , 3.982892 , 1
-3.452545, -0.004608154 , 3.851453 , 1
-3.612122, 0.01696777 , 3.68655 , 1
-3.756927, 0.03601074 , 3.524693 , 1
-3.893707, 0.05157471 , 3.361785 , 1
-3.98764, 0.05041504 , 3.240155 , 1
-4.090759, 0.03735352 , 3.082563 , 1
-4.192871, 0.01742554 , 2.916513 , 1
-4.265961, -0.003173828 , 2.783788 , 1
-4.325623, -0.02914429 , 2.649148 , 1
-4.376373, -0.04226685 , 2.540527 , 1
-4.442688, -0.04971313 , 2.394367 , 1
-4.537781, -0.02740479 , 2.18593 , 1
-4.597198, -0.001556396 , 2.003451 , 1
-4.618744, 0.03329468 , 1.891018 , 1
-4.603668, 0.02850342 , 1.924448 , 1
-4.52356, -0.02352905 , 2.197469 , 1
-4.380341, -0.0607605 , 2.5826 , 1
-4.190216, -0.06164551 , 2.969826 , 1
-3.970123, -0.02966309 , 3.312811 , 1
-3.766754, 0.02090454 , 3.572007 , 1
-3.615112, 0.0579834 , 3.743215 , 1
-3.464142, 0.06997681 , 3.892274 , 1
-3.303314, 0.06686401 , 4.032763 , 1
-3.077087, 0.06091309 , 4.217472 , 1
-2.888245, 0.05197144 , 4.367228 , 1
-2.658234, 0.04504395 , 4.524789 , 1
-2.449677, 0.05584717 , 4.648093 , 1
-2.252472, 0.07333374 , 4.748769 , 1
-2.075165, 0.06835938 , 4.835791 , 1
-1.927765, 0.06051636 , 4.904066 , 1
-1.787781, 0.05056763 , 4.961921 , 1
-1.650299, 0.02819824 , 5.015978 , 1
-1.535034, -0.002471924 , 5.061491 , 1
-1.40741, -0.01052856 , 5.106882 , 1
-1.245087, -0.01834106 , 5.154701 , 1
-1.084229, -0.03131104 , 5.199498 , 1
-0.9407349, -0.03979492 , 5.232558 , 1
-0.8042297, -0.04367065 , 5.260241 , 1
-0.6752014, -0.04489136 , 5.28154 , 1
-0.5498657, -0.05334473 , 5.301263 , 1
-0.4493408, -0.05828857 , 5.313526 , 1
-0.3964539, -0.0508728 , 5.320112 , 1
-0.3137512, -0.04449463 , 5.328372 , 1
-0.2273865, -0.01263428 , 5.336034 , 1
-0.1319885, 0.00668335 , 5.343314 , 1
-0.01010132, 0.02987671 , 5.344922 , 1
0.09771729, 0.03866577 , 5.348591 , 1
0.1850891, 0.04614258 , 5.350106 , 1
0.2936707, 0.037323 , 5.348755 , 1
0.413208, 0.03103638 , 5.340902 , 1
0.4963989, 0.02563477 , 5.33409 , 1
0.5294189, 0.0177002 , 5.332632 , 1
0.5413208, 0.01702881 , 5.332085 , 1
0.5361633, 0.007415771 , 5.333348 , 1
0.4508057, -0.007659912 , 5.340327 , 1
0.3636475, -0.01980591 , 5.34489 , 1
0.2374878, -0.03912354 , 5.343445 , 1
0.0819397, -0.04803467 , 5.334204 , 1
-0.1072693, -0.06375122 , 5.317634 , 1
-0.3199158, -0.07086182 , 5.288849 , 1
-0.5034485, -0.0760498 , 5.259161 , 1
-0.7004089, -0.08578491 , 5.222618 , 1
-0.8601379, -0.09277344 , 5.188861 , 1
-1.045837, -0.09765625 , 5.140604 , 1
-1.225952, -0.0930481 , 5.090901 , 1
-1.406952, -0.08566284 , 5.036726 , 1
-1.568085, -0.0715332 , 4.985124 , 1
-1.725494, -0.05831909 , 4.929791 , 1
-1.858765, -0.05014038 , 4.880467 , 1
-1.974731, -0.05645752 , 4.832781 , 1
-2.10083, -0.06124878 , 4.777712 , 1
-2.218658, -0.06381226 , 4.723892 , 1
-2.33078, -0.06466675 , 4.670812 , 1
-2.431671, -0.06268311 , 4.618895 , 1
-2.563629, -0.05728149 , 4.54392 , 1
-2.680359, -0.04443359 , 4.474374 , 1
-2.829651, -0.03271484 , 4.380479 , 1
-2.966858, -0.02230835 , 4.287645 , 1
-3.113037, -0.01586914 , 4.177697 , 1
-3.249207, -0.005371094 , 4.064094 , 1
-3.396637, 0.01657104 , 3.93381 , 1
-3.531555, 0.0307312 , 3.800868 , 1
-3.669342, 0.03015137 , 3.653186 , 1
-3.772156, 0.0357666 , 3.535664 , 1
-3.891479, 0.05145264 , 3.391867 , 1
-3.998383, 0.07162476 , 3.251474 , 1
-4.102631, 0.08529663 , 3.09961 , 1
-4.211243, 0.08895874 , 2.920179 , 1
-4.294189, 0.09555054 , 2.76923 , 1
-4.395844, 0.1090088 , 2.567367 , 1
-4.465668, 0.1167297 , 2.4167 , 1
-4.552917, 0.1168213 , 2.178919 , 1
-4.615234, 0.1161499 , 1.978096 , 1
-4.655182, 0.1065063 , 1.805127 , 1
-4.656342, 0.1040955 , 1.760901 , 1
-4.636353, 0.09179688 , 1.84573 , 1
-4.536591, 0.07598877 , 2.17905 , 1
-4.393372, 0.068573 , 2.559673 , 1
-4.227722, 0.07931519 , 2.905288 , 1
-4.076385, 0.1072998 , 3.160207 , 1
-3.881073, 0.125 , 3.433725 , 1
-3.689026, 0.1229248 , 3.665682 , 1
-3.510437, 0.1100769 , 3.855687 , 1
-3.331055, 0.07678223 , 4.021529 , 1
-3.130981, 0.05621338 , 4.187053 , 1
-2.959442, 0.03289795 , 4.326211 , 1
-2.776031, 0.01806641 , 4.4601 , 1
-2.594727, 0.01724243 , 4.577131 , 1
-2.378174, 0.006652832 , 4.693403 , 1
-2.197235, -0.003112793 , 4.780683 , 1
-1.980774, -0.001708984 , 4.874444 , 1
-1.807098, -0.009979248 , 4.947416 , 1
-1.618958, -0.006378174 , 5.015574 , 1
-1.464355, 0.001678467 , 5.069139 , 1
-1.274506, 0.02230835 , 5.125054 , 1
-1.13089, 0.0213623 , 5.164742 , 1
-1.00116, 0.007568359 , 5.198189 , 1
-0.8610535, 0.01260376 , 5.225325 , 1
-0.7098083, 0.005737305 , 5.252392 , 1
-0.5811768, 0.01895142 , 5.265167 , 1
-0.454895, 0.05328369 , 5.275342 , 1
-0.3266602, 0.05307007 , 5.285097 , 1
-0.1377258, 0.02758789 , 5.298301 , 1
0.04611206, -0.006317139 , 5.311889 , 1
0.184082, -0.01812744 , 5.317791 , 1
0.2843628, -0.006164551 , 5.318753 , 1
0.3493347, 0.003814697 , 5.317826 , 1
0.4109802, 0.02194214 , 5.314947 , 1
0.4674988, 0.04763794 , 5.313429 , 1
0.5229187, 0.06848145 , 5.308331 , 1
0.5811157, 0.06964111 , 5.305467 , 1
0.5987854, 0.068573 , 5.304523 , 1
0.6096802, 0.06555176 , 5.304622 , 1
0.615509, 0.05950928 , 5.305187 , 1
0.614563, 0.05444336 , 5.305569 , 1
0.6044006, 0.046875 , 5.306835 , 1
0.499054, 0.03359985 , 5.306999 , 1
0.3205261, 0.01544189 , 5.304567 , 1
0.07125854, 0.01361084 , 5.298554 , 1
-0.1810913, 0.009552002 , 5.280024 , 1
-0.4468994, 0.02301025 , 5.249777 , 1
-0.7076721, 0.01544189 , 5.213315 , 1
-0.9265137, -0.01370239 , 5.172939 , 1
-1.117188, -0.05328369 , 5.130778 , 1
-1.273743, -0.06439209 , 5.090267 , 1
-1.388855, -0.05059814 , 5.05741 , 1
-1.555481, -0.02896118 , 5.00554 , 1
-1.6922, -0.01364136 , 4.956745 , 1
-1.833313, -0.00567627 , 4.903022 , 1
-1.999908, -0.005218506 , 4.834571 , 1
-2.148224, -0.01223755 , 4.769035 , 1
-2.26889, -0.01370239 , 4.710094 , 1
-2.411255, -0.02075195 , 4.638823 , 1
-2.544067, -0.01983643 , 4.567562 , 1
-2.664307, -0.001678467 , 4.495209 , 1
-2.797943, 0.02764893 , 4.413145 , 1
-2.907104, 0.04595947 , 4.345109 , 1
-3.017517, 0.05807495 , 4.27071 , 1
-3.100372, 0.04769897 , 4.208606 , 1
-3.201263, 0.04577637 , 4.126997 , 1
-3.302216, 0.05877686 , 4.042692 , 1
-3.416565, 0.07922363 , 3.942843 , 1
-3.53009, 0.08947754 , 3.834745 , 1
-3.634003, 0.09634399 , 3.734445 , 1
-3.744232, 0.09231567 , 3.61683 , 1
-3.841095, 0.09335327 , 3.503561 , 1
-3.939301, 0.09298706 , 3.381439 , 1
-4.03537, 0.0864563 , 3.253485 , 1
-4.129364, 0.06845093 , 3.114819 , 1
-4.24762, 0.05075073 , 2.924459 , 1
-4.353485, 0.03619385 , 2.737027 , 1
-4.464935, -0.01019287 , 2.47367 , 1
-4.522614, -0.02401733 , 2.310057 , 1
-4.560455, -0.02801514 , 2.224852 , 1
-4.56311, -0.04208374 , 2.222957 , 1
-4.508484, -0.06195068 , 2.362618 , 1
-4.394623, -0.07196045 , 2.631345 , 1
-4.20163, -0.090271 , 2.994673 , 1
-4.019165, -0.07891846 , 3.283903 , 1
-3.852631, -0.05413818 , 3.505295 , 1
-3.67865, -0.02783203 , 3.70418 , 1
-3.521423, -0.01010132 , 3.855037 , 1
-3.394623, -0.0009765625 , 3.97326 , 1
-3.270416, 0.007568359 , 4.075804 , 1
-3.159119, 0.003814697 , 4.162377 , 1
-3.046997, 0.0116272 , 4.248921 , 1
-2.901886, -0.01208496 , 4.354843 , 1
-2.764557, -0.04354858 , 4.452282 , 1
-2.62085, -0.06546021 , 4.543426 , 1
-2.442078, -0.07824707 , 4.645029 , 1
-2.287537, -0.07080078 , 4.725935 , 1
-2.148438, -0.06365967 , 4.795001 , 1
-2.024506, -0.04190063 , 4.851944 , 1
-1.878601, -0.01800537 , 4.914938 , 1
-1.709106, 0.01147461 , 4.982231 , 1
-1.519287, 0.0166626 , 5.048459 , 1
-1.293518, 0.01785278 , 5.117334 , 1
-1.047424, 0.03363037 , 5.180271 , 1
-0.7738342, 0.05151367 , 5.236594 , 1
-0.6113892, 0.05169678 , 5.264497 , 1
-0.451355, 0.05136108 , 5.278071 , 1
-0.2862244, 0.0473938 , 5.287677 , 1
-0.1299744, 0.06500244 , 5.294642 , 1
0.03005981, 0.05126953 , 5.297719 , 1
0.210083, 0.03045654 , 5.297498 , 1
0.357605, -0.0005187988 , 5.300162 , 1
0.5031738, -0.04882813 , 5.305901 , 1
0.6427612, -0.06298828 , 5.306025 , 1
0.7219238, -0.06356812 , 5.303608 , 1
0.7339478, -0.06521606 , 5.30411 , 1
0.5715027, -0.0770874 , 5.315598 , 1
0.4202881, -0.06845093 , 5.320547 , 1
0.2661133, -0.06954956 , 5.320759 , 1
0.1439514, -0.06069946 , 5.319214 , 1
-0.004364014, -0.059021 , 5.310532 , 1
-0.110321, -0.05819702 , 5.302823 , 1
-0.24646, -0.0475769 , 5.292341 , 1
-0.396698, -0.04672241 , 5.277994 , 1
-0.5837402, -0.0423584 , 5.253254 , 1
-0.7484436, -0.04034424 , 5.228334 , 1
-0.9170837, -0.03497314 , 5.195305 , 1
-1.118317, -0.02886963 , 5.148607 , 1
-1.311707, -0.02386475 , 5.094351 , 1
-1.457245, -0.03012085 , 5.050963 , 1
-1.610535, -0.0406189 , 5.000784 , 1
-1.78595, -0.05685425 , 4.933602 , 1
-1.921631, -0.06478882 , 4.878557 , 1
-2.076324, -0.06970215 , 4.809758 , 1
-2.241608, -0.07092285 , 4.728352 , 1
-2.378113, -0.07211304 , 4.658189 , 1
-2.531647, -0.07019043 , 4.571657 , 1
-2.674347, -0.07095337 , 4.486013 , 1
-2.798889, -0.07620239 , 4.406288 , 1
-2.935944, -0.07479858 , 4.314441 , 1
-3.058105, -0.07870483 , 4.2275 , 1
-3.158051, -0.08294678 , 4.153946 , 1
-3.25, -0.08023071 , 4.083834 , 1
-3.363556, -0.06719971 , 3.99302 , 1
-3.464142, -0.05053711 , 3.905246 , 1
-3.565643, -0.0385437 , 3.811725 , 1
-3.662567, -0.02911377 , 3.71651 , 1
-3.75473, -0.01553345 , 3.616688 , 1
-3.842102, -0.003387451 , 3.517457 , 1
-3.930115, 0.003112793 , 3.409635 , 1
-4.010162, 0.006958008 , 3.304839 , 1
-4.086334, 0.01321411 , 3.194438 , 1
-4.165131, 0.01495361 , 3.073125 , 1
-4.265442, 0.01046753 , 2.905932 , 1
-4.359802, 0.007720947 , 2.734972 , 1
-4.441772, 0.004821777 , 2.570617 , 1
-4.512177, 0.009338379 , 2.405935 , 1
-4.604645, 0.02087402 , 2.15859 , 1
-4.653625, 0.02597046 , 2.004394 , 1
-4.668884, 0.02648926 , 1.939461 , 1
-4.649872, 0.007080078 , 2.000536 , 1
-4.581207, -0.002044678 , 2.234158 , 1
-4.45993, -0.007965088 , 2.548374 , 1
-4.32782, -0.002441406 , 2.827496 , 1
-4.17569, 0.01992798 , 3.090955 , 1
-3.980103, 0.02761841 , 3.37292 , 1
-3.807526, 0.0255127 , 3.587657 , 1
-3.6427, 0.01257324 , 3.770503 , 1
-3.482605, 0.01000977 , 3.924948 , 1
-3.330475, 0.02746582 , 4.062054 , 1
-3.176208, 0.04891968 , 4.18627 , 1
-2.985382, 0.07672119 , 4.328893 , 1
-2.798706, 0.06842041 , 4.456683 , 1
-2.589172, 0.05926514 , 4.588578 , 1
-2.367065, 0.05181885 , 4.713317 , 1
-2.171692, 0.04104614 , 4.815972 , 1
-1.99057, 0.03326416 , 4.902875 , 1
-1.824402, 0.02890015 , 4.972844 , 1
-1.678253, 0.03878784 , 5.025909 , 1
-1.538208, 0.07540894 , 5.072588 , 1
-1.380035, 0.08508301 , 5.121692 , 1
-1.162567, 0.08398438 , 5.18147 , 1
-0.9813843, 0.07879639 , 5.229706 , 1
-0.787262, 0.07476807 , 5.269252 , 1
-0.5899048, 0.07269287 , 5.299859 , 1
-0.374115, 0.08135986 , 5.32163 , 1
-0.1981201, 0.09698486 , 5.327626 , 1
-0.03479004, 0.10672 , 5.326799 , 1
0.0838623, 0.1001892 , 5.32606 , 1
0.2112122, 0.09069824 , 5.326487 , 1
0.3495789, 0.0640564 , 5.322444 , 1
0.5116577, 0.06570435 , 5.318096 , 1
0.6541138, 0.04525757 , 5.316089 , 1
0.7331848, -0.001586914 , 5.321301 , 1
0.7401123, -0.0335083 , 5.323863 , 1
0.7145691, -0.03378296 , 5.328712 , 1
0.5698242, -0.04281616 , 5.337971 , 1
0.4383545, -0.05337524 , 5.340273 , 1
0.3000488, -0.05581665 , 5.342305 , 1
0.1929016, -0.05944824 , 5.34482 , 1
0.1264954, -0.06365967 , 5.345141 , 1
0.0602417, -0.07110596 , 5.343215 , 1
-0.02770996, -0.07617188 , 5.339276 , 1
-0.1717834, -0.07849121 , 5.330284 , 1
-0.3434143, -0.07165527 , 5.310734 , 1
-0.5441895, -0.06182861 , 5.279592 , 1
-0.7411194, -0.0512085 , 5.242464 , 1
-0.9788818, -0.04171753 , 5.187705 , 1
-1.227173, -0.05108643 , 5.121149 , 1
-1.466278, -0.06466675 , 5.049282 , 1
-1.68634, -0.07757568 , 4.968402 , 1
-1.894745, -0.09191895 , 4.886516 , 1
-2.097839, -0.0982666 , 4.793816 , 1
-2.306305, -0.09991455 , 4.690521 , 1
-2.478516, -0.0965271 , 4.599561 , 1
-2.61734, -0.08609009 , 4.523259 , 1
-2.74707, -0.06399536 , 4.449043 , 1
-2.840302, -0.05761719 , 4.392468 , 1
-2.936462, -0.05200195 , 4.328912 , 1
-3.02832, -0.04348755 , 4.2655 , 1
-3.115143, -0.03097534 , 4.205288 , 1
-3.207489, -0.02166748 , 4.136242 , 1
-3.287048, -0.02999878 , 4.073488 , 1
-3.356415, -0.04067993 , 4.018461 , 1
-3.436371, -0.04974365 , 3.957254 , 1
-3.516815, -0.05728149 , 3.891582 , 1
-3.599182, -0.07183838 , 3.816235 , 1
-3.688751, -0.07778931 , 3.728684 , 1
-3.795593, -0.08157349 , 3.616218 , 1
-3.884003, -0.0798645 , 3.516782 , 1
-3.984161, -0.07305908 , 3.38848 , 1
-4.06778, -0.05160522 , 3.268292 , 1
-4.13736, -0.0369873 , 3.161061 , 1
-4.20636, -0.02532959 , 3.042969 , 1
-4.27179, -0.01275635 , 2.931942 , 1
-4.322815, -0.00994873 , 2.842377 , 1
-4.393585, -0.005310059 , 2.712938 , 1
-4.486328, -0.008453369 , 2.52097 , 1
-4.584991, -0.02029419 , 2.267602 , 1
-4.643066, -0.04354858 , 2.063769 , 1
-4.645844, -0.06640625 , 2.0323 , 1
-4.595123, -0.09542847 , 2.169788 , 1
-4.475372, -0.1114807 , 2.477221 , 1
-4.321716, -0.1094666 , 2.809246 , 1
-4.179474, -0.0949707 , 3.067487 , 1
-4.002869, -0.06628418 , 3.330333 , 1
-3.829926, -0.0539856 , 3.549085 , 1
-3.642303, -0.06488037 , 3.761707 , 1
-3.463409, -0.06719971 , 3.940857 , 1
-3.305756, -0.07363892 , 4.084355 , 1
-3.127899, -0.05218506 , 4.228595 , 1
-2.944855, -0.0586853 , 4.36193 , 1
-2.770233, -0.09216309 , 4.479374 , 1
-2.602081, -0.1055603 , 4.583195 , 1
-2.456909, -0.1063538 , 4.672668 , 1
-2.26535, -0.09692383 , 4.778486 , 1
-2.122528, -0.09927368 , 4.851291 , 1
-1.984924, -0.07611084 , 4.910939 , 1
-1.839386, -0.03945923 , 4.965641 , 1
-1.701141, -0.02514648 , 5.01806 , 1
-1.491547, -0.0402832 , 5.084724 , 1
-1.296204, -0.06317139 , 5.14436 , 1
-1.09317, -0.07983398 , 5.198462 , 1
-0.8821411, -0.09664917 , 5.244598 , 1
-0.690033, -0.08847046 , 5.271535 , 1
-0.5007019, -0.08602905 , 5.292455 , 1
-0.3047791, -0.06277466 , 5.307123 , 1
-0.147644, -0.03112793 , 5.316828 , 1
-0.01068115, -0.004058838 , 5.321157 , 1
0.09378052, 0.006195068 , 5.321163 , 1
0.2076111, 0.01547241 , 5.321188 , 1
0.3117981, 0.01791382 , 5.31681 , 1
0.4125366, 0.00894165 , 5.309903 , 1
0.4549866, 0.0105896 , 5.30576 , 1
0.4785461, 0.01754761 , 5.302903 , 1
0.4668274, 0.02111816 , 5.305776 , 1
0.4432983, 0.01925659 , 5.306523 , 1
0.4102173, 0.01260376 , 5.306562 , 1
0.3858032, 0.00894165 , 5.3073 , 1
0.3580017, 0.003448486 , 5.308855 , 1
0.3274231, -0.007019043 , 5.311484 , 1
0.288208, -0.003448486 , 5.313673 , 1
0.196106, 0.01010132 , 5.315523 , 1
0.0519104, 0.007446289 , 5.315445 , 1
-0.1463623, -0.01382446 , 5.308111 , 1
-0.3805542, -0.0458374 , 5.290482 , 1
-0.5941162, -0.0632019 , 5.262968 , 1
-0.8663635, -0.09173584 , 5.219736 , 1
-1.107391, -0.1115417 , 5.169113 , 1
-1.294037, -0.1093445 , 5.123317 , 1
-1.461914, -0.1029663 , 5.077863 , 1
-1.642395, -0.1049805 , 5.02274 , 1
-1.799438, -0.1236572 , 4.967267 , 1
-1.965454, -0.1261292 , 4.906155 , 1
-2.118774, -0.146637 , 4.841412 , 1
-2.303833, -0.1524048 , 4.752485 , 1
-2.480591, -0.1496277 , 4.662227 , 1
-2.593872, -0.1536865 , 4.60011 , 1
-2.726318, -0.1629333 , 4.524801 , 1
-2.83725, -0.1590271 , 4.458772 , 1
-2.936096, -0.1497498 , 4.39772 , 1
-3.038086, -0.1473083 , 4.328148 , 1
-3.142395, -0.1546021 , 4.248671 , 1
-3.273438, -0.151123 , 4.144156 , 1
-3.394257, -0.1420288 , 4.042755 , 1
-3.497253, -0.1512756 , 3.950057 , 1
-3.604095, -0.1461487 , 3.849548 , 1
-3.694427, -0.14328 , 3.760866 , 1
-3.772858, -0.1493835 , 3.677751 , 1
-3.856842, -0.1471252 , 3.587981 , 1
-3.945465, -0.1401978 , 3.481631 , 1
-4.033569, -0.1264038 , 3.37262 , 1
-4.120453, -0.1164856 , 3.256087 , 1
-4.210876, -0.1050415 , 3.12633 , 1
-4.28833, -0.08120728 , 3.004421 , 1
-4.36084, -0.05474854 , 2.873584 , 1
-4.424561, -0.03607178 , 2.752026 , 1
-4.516205, -0.01821899 , 2.558417 , 1
-4.602386, -0.01089478 , 2.350527 , 1
-4.651276, -0.01846313 , 2.21842 , 1
-4.632538, -0.03094482 , 2.27167 , 1
-4.531616, -0.04330444 , 2.525388 , 1
-4.36261, -0.04318237 , 2.86639 , 1
-4.12912, -0.04821777 , 3.233615 , 1
-3.935333, -0.04779053 , 3.491425 , 1
-3.719269, -0.03741455 , 3.737985 , 1
-3.528168, 0.003814697 , 3.933701 , 1
-3.321106, 0.03579712 , 4.124686 , 1
-3.164948, 0.04440308 , 4.255681 , 1
-3.022339, 0.04364014 , 4.36322 , 1
-2.908905, 0.05960083 , 4.444397 , 1
-2.793488, 0.04821777 , 4.521952 , 1
-2.670166, 0.05102539 , 4.591742 , 1
-2.549255, 0.03512573 , 4.667855 , 1
-2.399994, 0.02359009 , 4.748225 , 1
-2.244049, -0.00177002 , 4.826517 , 1
-2.050598, 0.008880615 , 4.911691 , 1
-1.866547, 0.01165771 , 4.988078 , 1
-1.697144, 0.01220703 , 5.044145 , 1
-1.573639, 0.02511597 , 5.085811 , 1
-1.42804, 0.01315308 , 5.12817 , 1
-1.270996, -0.009735107 , 5.165751 , 1
-1.119965, -0.02514648 , 5.193959 , 1
-1.019409, -0.01315308 , 5.214382 , 1
-0.9180298, -0.004455566 , 5.233677 , 1
-0.7322693, -0.03063965 , 5.256399 , 1
-0.5162659, -0.02905273 , 5.288904 , 1
-0.3367615, -0.0166626 , 5.307768 , 1
-0.1646423, -0.00567627 , 5.321447 , 1
-0.004119873, -0.01504517 , 5.33236 , 1
0.1422729, -0.01635742 , 5.338149 , 1
0.2957153, -0.01318359 , 5.336474 , 1
0.4262085, -0.01025391 , 5.331696 , 1
0.548645, -0.004058838 , 5.324535 , 1
0.6292419, -0.008758545 , 5.319629 , 1
0.6500549, -0.01263428 , 5.317647 , 1
0.5246887, -0.04608154 , 5.32336 , 1
0.3433838, -0.06829834 , 5.324883 , 1
0.1123657, -0.08682251 , 5.31534 , 1
-0.06622314, -0.08987427 , 5.30746 , 1
-0.1736145, -0.09671021 , 5.301406 , 1
-0.2403259, -0.1072083 , 5.29524 , 1
-0.3287048, -0.1065674 , 5.287706 , 1
-0.4308472, -0.1017151 , 5.27991 , 1
-0.5375061, -0.09518433 , 5.262956 , 1
-0.661438, -0.08963013 , 5.243564 , 1
-0.8059082, -0.07324219 , 5.219117 , 1
-0.9732056, -0.05023193 , 5.182369 , 1
-1.143951, -0.03240967 , 5.13956 , 1
-1.332245, -0.03009033 , 5.080608 , 1
-1.518799, -0.0196228 , 5.017135 , 1
-1.707062, -0.005401611 , 4.949529 , 1
-1.873901, 0.001678467 , 4.88438 , 1
-2.006378, -0.0003051758 , 4.828065 , 1
-2.143036, -0.00402832 , 4.764912 , 1
-2.282684, -0.002716064 , 4.697942 , 1
-2.427429, -0.003173828 , 4.622536 , 1
-2.554108, -0.0007324219 , 4.55046 , 1
-2.70163, -0.00201416 , 4.462448 , 1
-2.842682, -0.004241943 , 4.375114 , 1
-2.942261, -0.006256104 , 4.310489 , 1
-3.054718, -0.01144409 , 4.230983 , 1
-3.155334, -0.01165771 , 4.157229 , 1
-3.247223, -0.005523682 , 4.085401 , 1
-3.401031, 0.003936768 , 3.953976 , 1
-3.534454, 0.02041626 , 3.829823 , 1
-3.672821, 0.02606201 , 3.6892 , 1
-3.772217, 0.02832031 , 3.579903 , 1
-3.871582, 0.03094482 , 3.463137 , 1
-3.996033, 0.02508545 , 3.304598 , 1
-4.104065, 0.01547241 , 3.157304 , 1
-4.203705, 0.004669189 , 3.008168 , 1
-4.28302, -0.007568359 , 2.878311 , 1
-4.358551, -0.01580811 , 2.747603 , 1
-4.430054, -0.02502441 , 2.61603 , 1
-4.505463, -0.02120972 , 2.474473 , 1
-4.564667, -0.01660156 , 2.353574 , 1
-4.635468, -0.009002686 , 2.174797 , 1
-4.690918, -0.01208496 , 2.011953 , 1
-4.713898, -0.01409912 , 1.926978 , 1
-4.725464, -0.0100708 , 1.885487 , 2
-4.711975, -0.01675415 , 1.925264 , 2
-4.665009, -0.03109741 , 2.077445 , 2
-4.608978, -0.01992798 , 2.257408 , 2
-4.516022, -0.009338379 , 2.485573 , 2
-4.389832, 0.01589966 , 2.733711 , 2
-4.262848, 0.03463745 , 2.946451 , 2
-4.068237, 0.05828857 , 3.220125 , 2
-3.894501, 0.08828735 , 3.444303 , 2
-3.699432, 0.1043396 , 3.66228 , 2
-3.516266, 0.1076965 , 3.848089 , 2
-3.313385, 0.115448 , 4.033495 , 2
-3.121338, 0.1193542 , 4.189564 , 2
-2.911835, 0.1054382 , 4.344553 , 2
-2.724792, 0.09295654 , 4.470659 , 2
-2.514435, 0.0793457 , 4.59943 , 2
-2.301147, 0.05224609 , 4.716425 , 2
-2.100983, 0.04330444 , 4.817252 , 2
-1.893524, 0.03564453 , 4.911092 , 2
-1.669769, 0.02587891 , 5.000941 , 2
-1.435516, -0.00112915 , 5.081271 , 2
-1.229584, -0.01916504 , 5.139849 , 2
-1.023071, -0.04345703 , 5.187323 , 2
-0.8426514, -0.0453186 , 5.223565 , 2
-0.6512146, -0.04568481 , 5.2561 , 2
-0.4551697, -0.04562378 , 5.279785 , 2
-0.2802429, -0.04092407 , 5.298485 , 2
-0.1271057, -0.02212524 , 5.316646 , 2
0.01956177, -0.02386475 , 5.328088 , 2
0.1456909, -0.007873535 , 5.336946 , 2
0.2876282, 0.01870728 , 5.345551 , 2
0.4176941, 0.04736328 , 5.349493 , 2
0.5134583, 0.05020142 , 5.348864 , 2
0.5713806, 0.03546143 , 5.345182 , 2
0.59375, 0.01611328 , 5.340936 , 2
0.6067505, -0.007995605 , 5.339338 , 2
0.5691833, -0.0112915 , 5.342319 , 2
0.4663391, -0.01443481 , 5.346774 , 2
0.3301086, -0.01034546 , 5.351565 , 2
0.2017212, -0.002197266 , 5.351651 , 2
0.07000732, -0.005279541 , 5.347783 , 2
-0.05871582, -0.02310181 , 5.342364 , 2
-0.2166138, -0.03427124 , 5.324857 , 2
-0.3530579, -0.06652832 , 5.304629 , 2
-0.4923706, -0.09301758 , 5.279588 , 2
-0.6115112, -0.08926392 , 5.258953 , 2
-0.770752, -0.09197998 , 5.230363 , 2
-0.9538574, -0.08126831 , 5.193442 , 2
-1.137726, -0.06848145 , 5.151015 , 2
-1.346222, -0.05133057 , 5.09178 , 2
-1.566284, -0.03134155 , 5.022504 , 2
-1.7836, -0.02600098 , 4.941497 , 2
-1.9617, -0.03411865 , 4.867704 , 2
-2.149902, -0.03771973 , 4.784276 , 2
-2.313477, -0.03482056 , 4.7047 , 2
-2.451813, -0.03637695 , 4.630117 , 2
-2.575867, -0.0368042 , 4.5586 , 2
-2.673615, -0.04281616 , 4.500147 , 2
-2.791229, -0.05679321 , 4.427585 , 2
-2.894775, -0.06283569 , 4.359966 , 2
-3.018402, -0.07632446 , 4.276853 , 2
-3.133911, -0.08224487 , 4.194907 , 2
-3.270966, -0.08349609 , 4.088444 , 2
-3.417664, -0.0635376 , 3.956723 , 2
-3.567719, -0.04501343 , 3.816254 , 2
-3.729248, -0.02420044 , 3.653389 , 2
-3.871277, 0.001251221 , 3.500062 , 2
-4.01236, 0.01263428 , 3.334111 , 2
-4.139252, 0.007049561 , 3.166137 , 2
-4.259644, 0.002746582 , 2.989038 , 2
-4.359711, 0.0004272461 , 2.832019 , 2
-4.451355, -0.001861572 , 2.670934 , 2
-4.532074, -0.01644897 , 2.506303 , 2
-4.610535, -0.01174927 , 2.341184 , 2
-4.681396, -0.002349854 , 2.184617 , 2
-4.738647, 0.001403809 , 2.048656 , 2
-4.793396, -0.0005187988 , 1.908489 , 3
-4.8526, -0.01516724 , 1.73839 , 3
-4.863159, -0.01876831 , 1.69884 , 3
-4.835297, -0.02844238 , 1.795073 , 3
-4.78183, -0.05010986 , 1.970239 , 3
-4.693787, -0.05221558 , 2.210282 , 3
-4.577637, -0.0585022 , 2.472034 , 3
-4.432037, -0.0541687 , 2.739971 , 3
-4.27478, -0.06576538 , 3.003433 , 3
-4.105652, -0.06970215 , 3.252162 , 3
-3.932373, -0.0657959 , 3.472432 , 3
-3.728119, -0.04901123 , 3.70276 , 3
-3.55191, -0.04928589 , 3.880377 , 3
-3.351105, -0.06045532 , 4.058226 , 3
-3.144592, -0.03720093 , 4.22594 , 3
-2.945343, -0.01113892 , 4.369102 , 3
-2.756012, 0.007598877 , 4.493362 , 3
-2.565918, 0.002166748 , 4.603949 , 3
-2.406219, -0.012146 , 4.691785 , 3
-2.225037, -0.02639771 , 4.782551 , 3
-2.064972, -0.02230835 , 4.859918 , 3
-1.879089, -0.0378418 , 4.935093 , 3
-1.720703, -0.01306152 , 4.996372 , 3
-1.512817, 0.009246826 , 5.067597 , 3
-1.284637, -0.009399414 , 5.136303 , 3
-1.085083, -0.01702881 , 5.189192 , 3
-0.8431091, -0.04165649 , 5.240116 , 3
-0.616333, -0.03936768 , 5.274239 , 3
-0.3578491, -0.02279663 , 5.300681 , 3
-0.1437683, -0.03302002 , 5.319061 , 3
0.001983643, -0.04058838 , 5.323976 , 3
0.09942627, -0.03222656 , 5.32824 , 3
0.1273804, -0.0213623 , 5.329025 , 3
0.1643066, -0.01339722 , 5.325028 , 3
0.2041321, 0.001617432 , 5.324947 , 3
0.2425232, 0.02160645 , 5.323576 , 3
0.3278198, 0.02697754 , 5.326538 , 3
0.4274597, 0.02630615 , 5.330421 , 3
0.4903259, 0.03875732 , 5.328255 , 3
0.5421753, 0.03668213 , 5.327177 , 3
0.5655212, 0.04122925 , 5.324292 , 3
0.5272522, 0.03762817 , 5.327045 , 3
0.4503784, 0.0189209 , 5.329888 , 3
0.3673401, 0.0005187988 , 5.332027 , 3
0.2502441, -0.003143311 , 5.333045 , 3
0.1333618, -0.003417969 , 5.329844 , 3
-0.01934814, 0.01245117 , 5.323103 , 3
-0.2088623, 0.02609253 , 5.308606 , 3
-0.393219, 0.009765625 , 5.289192 , 3
-0.5603638, 0.001098633 , 5.266649 , 3
-0.8097534, -0.01016235 , 5.220578 , 3
-1.008759, -0.02490234 , 5.177767 , 3
-1.217163, -0.0302124 , 5.122643 , 3
-1.420746, -0.03237915 , 5.063334 , 3
-1.594574, -0.03060913 , 5.008907 , 3
-1.763519, -0.04193115 , 4.948487 , 3
-1.927002, -0.04336548 , 4.887086 , 3
-2.101776, -0.05090332 , 4.807781 , 3
-2.289459, -0.04837036 , 4.718704 , 3
-2.460663, -0.04931641 , 4.630658 , 3
-2.591461, -0.05496216 , 4.556788 , 3
-2.718964, -0.05581665 , 4.481709 , 3
-2.839325, -0.05999756 , 4.402497 , 3
-2.950836, -0.06912231 , 4.322196 , 3
-3.041138, -0.07540894 , 4.256328 , 3
-3.140686, -0.0788269 , 4.182513 , 3
-3.246552, -0.06887817 , 4.101721 , 3
-3.347412, -0.06567383 , 4.019425 , 3
-3.449158, -0.06671143 , 3.931764 , 3
-3.536499, -0.08380127 , 3.852174 , 3
-3.621185, -0.09832764 , 3.76596 , 3
-3.691193, -0.0916748 , 3.690063 , 3
-3.755493, -0.0741272 , 3.622404 , 3
-3.83197, -0.06155396 , 3.539295 , 3
-3.919891, -0.0447998 , 3.432542 , 3
-4.019104, -0.02761841 , 3.296539 , 3
-4.12973, -0.01370239 , 3.132802 , 3
-4.226257, 0.006011963 , 2.976856 , 3
-4.325104, 0.01431274 , 2.789516 , 3
-4.410645, 0.003631592 , 2.610055 , 3
-4.484619, -0.007080078 , 2.429385 , 3
-4.554565, -0.02578735 , 2.236905 , 3
-4.580597, -0.03103638 , 2.114977 , 3
-4.58429, -0.04156494 , 2.048439 , 3
-4.585388, -0.008392334 , 1.998205 , 3
-4.583313, 0.005004883 , 1.989428 , 3
-4.582367, 0.01394653 , 1.995499 , 3
-4.612488, 0.0836792 , 1.876939 , 3
-4.665894, 0.1583862 , 1.6572 , 3
-4.690247, 0.1827698 , 1.54416 , 3
-4.673401, 0.1482239 , 1.62508 , 3
-4.577606, 0.05014038 , 1.993036 , 3
-4.40506, -0.03790283 , 2.476939 , 3
-4.171844, -0.05731201 , 2.957108 , 3
-3.914764, -0.02264404 , 3.355497 , 3
-3.622467, 0.01177979 , 3.716658 , 3
-3.253693, 0.02206421 , 4.07831 , 3
-2.947754, 0.02017212 , 4.318109 , 3
-2.58783, 0.000213623 , 4.56277 , 3
-2.290527, -0.0300293 , 4.730554 , 3
-2.045166, -0.0453186 , 4.8504 , 3
-1.829071, -0.05273438 , 4.938383 , 3
-1.622162, -0.03594971 , 5.014469 , 3
-1.40921, -0.03341675 , 5.08308 , 3
-1.207092, -0.04266357 , 5.140292 , 3
-1.030914, -0.04150391 , 5.186667 , 3
-0.868927, -0.03668213 , 5.217961 , 3
-0.6869812, -0.02337646 , 5.249775 , 3
-0.5626526, -0.01516724 , 5.268667 , 3
-0.4717407, -0.00668335 , 5.282942 , 3
-0.381958, -0.002532959 , 5.293347 , 3
-0.2924194, 0.001464844 , 5.299654 , 3
-0.2087402, -0.007049561 , 5.305861 , 3
-0.1004639, -0.01303101 , 5.317071 , 3
0.02416992, -0.02258301 , 5.328234 , 3
0.1883545, -0.04296875 , 5.338188 , 3
0.3310547, -0.05871582 , 5.33988 , 3
0.447876, -0.06903076 , 5.334798 , 3
0.5367126, -0.05258179 , 5.330303 , 3
0.5855713, -0.03768921 , 5.326907 , 3
0.5869446, -0.01089478 , 5.32722 , 3
0.5173645, -0.01889038 , 5.329842 , 3
0.3662109, -0.02841187 , 5.328173 , 3
0.217865, -0.03991699 , 5.320803 , 3
0.03482056, -0.04067993 , 5.310472 , 3
-0.1472778, -0.0355835 , 5.297243 , 3
-0.3456726, -0.02868652 , 5.278342 , 3
-0.5233765, -0.01535034 , 5.256394 , 3
-0.7046814, -0.01318359 , 5.228875 , 3
-0.8964233, 0.005828857 , 5.191709 , 3
-1.117554, 0.02368164 , 5.143099 , 3
-1.299896, 0.02377319 , 5.097059 , 3
-1.463379, 0.001800537 , 5.046702 , 3
-1.613098, -0.002044678 , 4.992004 , 3
-1.749969, -0.01577759 , 4.943073 , 3
-1.893036, -0.0206604 , 4.88891 , 3
-2.00708, -0.03488159 , 4.842465 , 3
-2.079987, -0.05258179 , 4.809662 , 3
-2.155029, -0.06124878 , 4.7766 , 3
-2.249298, -0.06759644 , 4.732907 , 3
-2.346039, -0.07376099 , 4.682694 , 3
-2.493317, -0.07287598 , 4.597064 , 3
-2.66507, -0.06939697 , 4.491732 , 3
-2.840332, -0.0506897 , 4.376803 , 3
-3.041656, -0.05081177 , 4.233534 , 3
-3.206573, -0.03448486 , 4.107418 , 3
-3.332123, -0.02166748 , 4.004877 , 3
-3.444611, -0.01269531 , 3.909199 , 3
-3.535675, -0.01327515 , 3.826696 , 3
-3.647766, -0.006744385 , 3.719109 , 3
-3.751404, -0.01318359 , 3.615961 , 3
-3.851227, -0.01858521 , 3.509298 , 3
-3.950531, -0.02194214 , 3.393267 , 3
-4.039856, -0.01763916 , 3.277065 , 3
-4.15036, -0.01287842 , 3.112806 , 3
-4.257324, -0.009368896 , 2.941836 , 3
-4.360077, -0.01483154 , 2.751319 , 3
-4.446381, -0.02456665 , 2.564348 , 3
-4.507996, -0.03338623 , 2.388034 , 3
-4.547913, -0.04144287 , 2.238621 , 3
-4.58493, -0.04293823 , 2.073878 , 3
-4.62674, -0.01974487 , 1.874447 , 3
-4.648132, 0.01452637 , 1.733202 , 3
-4.651611, 0.009094238 , 1.720529 , 3
-4.616211, -0.04528809 , 1.895601 , 3
-4.529419, -0.07910156 , 2.208126 , 3
-4.419159, -0.08917236 , 2.516828 , 3
-4.32135, -0.07290649 , 2.731061 , 3
-4.141937, -0.03277588 , 3.069407 , 3
-3.98056, 0.01306152 , 3.312457 , 3
-3.807404, 0.08071899 , 3.533643 , 3
-3.633911, 0.1268311 , 3.728102 , 3
-3.437073, 0.1434631 , 3.924418 , 3
-3.276184, 0.1520996 , 4.076126 , 3
-3.099792, 0.1516724 , 4.228465 , 3
-2.919647, 0.1231689 , 4.363659 , 3
-2.7164, 0.1053467 , 4.509272 , 3
-2.497772, 0.11026 , 4.640764 , 3
-2.28775, 0.1356506 , 4.750002 , 3
-2.085876, 0.121582 , 4.845014 , 3
-1.888916, 0.09164429 , 4.929608 , 3
-1.707062, 0.06158447 , 5.002707 , 3
-1.506409, 0.04034424 , 5.072953 , 3
-1.305664, -0.01361084 , 5.127363 , 3
-1.149597, -0.03207397 , 5.168141 , 3
-1.009979, -0.04367065 , 5.194448 , 3
-0.9440308, -0.04129028 , 5.20682 , 3
-0.8746338, -0.03582764 , 5.221359 , 3
-0.7910461, -0.03683472 , 5.236805 , 3
-0.6658325, -0.03735352 , 5.256034 , 3
-0.4901123, -0.04321289 , 5.277343 , 3
-0.3045959, -0.04452515 , 5.298169 , 3
-0.1573792, -0.05111694 , 5.312363 , 3
-0.02563477, -0.05334473 , 5.322525 , 3
0.1231079, -0.05255127 , 5.329343 , 3
0.2431335, -0.04077148 , 5.330807 , 3
0.3324585, -0.02297974 , 5.331962 , 3
0.4564209, -0.0128479 , 5.329923 , 3
0.6073303, -0.01300049 , 5.316769 , 3
0.7198486, 0.004150391 , 5.306208 , 3
0.7978821, 0.0008544922 , 5.297492 , 3
0.8222961, -0.006011963 , 5.295144 , 3
0.8394775, -0.01205444 , 5.293577 , 3
0.8416748, -0.01596069 , 5.294237 , 3
0.8338928, -0.015625 , 5.297536 , 3
0.8066406, -0.02581787 , 5.301982 , 3
0.7267151, -0.02954102 , 5.313277 , 3
0.6343384, -0.03768921 , 5.321493 , 3
0.4947815, -0.0609436 , 5.327946 , 3
0.3078003, -0.04589844 , 5.33471 , 3
0.08734131, -0.03540039 , 5.32832 , 3
-0.1633911, -0.06005859 , 5.302806 , 3
-0.4311829, -0.06890869 , 5.265313 , 3
-0.7004089, -0.05673218 , 5.218502 , 3
-0.946106, -0.05831909 , 5.163455 , 3
-1.162537, -0.06295776 , 5.108904 , 3
-1.396637, -0.06704712 , 5.041313 , 3
-1.595184, -0.06588745 , 4.977369 , 3
-1.806427, -0.05145264 , 4.897907 , 3
-2.002747, -0.04779053 , 4.816578 , 3
-2.183044, -0.04168701 , 4.7344 , 3
-2.338196, -0.04547119 , 4.658758 , 3
-2.49472, -0.04428101 , 4.576929 , 3
-2.668549, -0.03213501 , 4.481818 , 3
-2.810883, -0.03424072 , 4.397017 , 3
-2.950287, -0.03457642 , 4.302598 , 3
-3.076447, -0.02597046 , 4.2118 , 3
-3.191467, -0.007232666 , 4.125329 , 3
-3.339325, 0.01043701 , 4.0028 , 3
-3.441467, 0.01748657 , 3.916126 , 3
-3.56546, 0.015625 , 3.805187 , 3
-3.680328, 0.01104736 , 3.693963 , 3
-3.792267, 0.009002686 , 3.576723 , 3
-3.909637, 0.01092529 , 3.441123 , 3
-4.027252, 0.02816772 , 3.300569 , 3
-4.144714, 0.04376221 , 3.142751 , 3
-4.251007, 0.05627441 , 2.986361 , 3
-4.365601, 0.07263184 , 2.798914 , 3
-4.446747, 0.08062744 , 2.655281 , 3
-4.515747, 0.08874512 , 2.518392 , 3
-4.602081, 0.07473755 , 2.341402 , 3
-4.697205, 0.04095459 , 2.132125 , 3
-4.759918, 0.02697754 , 1.964816 , 4
-4.827972, 0.0218811 , 1.740669 , 4
-4.861298, -0.002563477 , 1.609404 , 4
-4.866699, -0.006988525 , 1.58226 , 4
-4.856018, -0.01119995 , 1.617396 , 4
-4.828735, -0.009429932 , 1.713303 , 4
-4.755005, -0.008544922 , 1.93013 , 4
-4.630219, -0.02542114 , 2.243867 , 4
-4.495575, -0.04415894 , 2.545744 , 4
-4.307434, -0.05291748 , 2.896841 , 4
-4.079071, -0.04455566 , 3.242361 , 4
-3.815521, -0.02709961 , 3.576191 , 4
-3.581604, -0.006195068 , 3.836417 , 4
-3.283295, 0.01116943 , 4.115955 , 4
-3.031372, 0.02062988 , 4.32175 , 4
-2.736511, 0.02746582 , 4.526776 , 4
-2.46936, 0.04098511 , 4.692926 , 4
-2.182068, 0.06188965 , 4.843679 , 4
-1.867523, 0.07669067 , 4.976625 , 4
-1.611542, 0.07949829 , 5.066687 , 4
-1.417664, 0.08276367 , 5.127151 , 4
-1.27533, 0.07269287 , 5.166831 , 4
-1.176605, 0.05523682 , 5.194921 , 4
-1.065002, 0.04162598 , 5.220688 , 4
-0.9395447, 0.04135132 , 5.245374 , 4
-0.7704468, 0.05230713 , 5.274888 , 4
-0.5804138, 0.05056763 , 5.3003 , 4
-0.3792725, 0.04403687 , 5.321105 , 4
-0.1997681, 0.03079224 , 5.332525 , 4
-0.04046631, 0.02832031 , 5.338947 , 4
0.1101379, 0.02178955 , 5.340561 , 4
0.2354736, 0.02319336 , 5.337073 , 4
0.3930969, 0.03466797 , 5.327702 , 4
0.5256653, 0.03695679 , 5.313695 , 4
0.6307678, 0.04107666 , 5.304527 , 4
0.7416687, 0.04669189 , 5.293619 , 4
0.8660583, 0.04046631 , 5.275526 , 4
0.9795227, 0.01956177 , 5.263932 , 4
1.047974, -0.008422852 , 5.252295 , 4
1.035797, -0.02780151 , 5.253454 , 4
0.9507446, -0.04293823 , 5.269282 , 4
0.8374023, -0.03076172 , 5.288027 , 4
0.7276306, -0.01705933 , 5.302356 , 4
0.5976868, -0.008514404 , 5.316009 , 4
0.438446, -0.001403809 , 5.328133 , 4
0.2762451, -0.004669189 , 5.332801 , 4
0.09860229, -0.02529907 , 5.332347 , 4
-0.09146118, -0.04064941 , 5.326872 , 4
-0.2874451, -0.05807495 , 5.311822 , 4
-0.4610596, -0.0697937 , 5.292709 , 4
-0.6518555, -0.07467651 , 5.269036 , 4
-0.8451843, -0.08102417 , 5.23655 , 4
-1.016541, -0.08374023 , 5.200219 , 4
-1.230957, -0.08877563 , 5.147708 , 4
-1.472412, -0.07479858 , 5.077978 , 4
-1.704041, -0.07330322 , 4.995886 , 4
-1.966339, -0.06060791 , 4.890471 , 4
-2.178131, -0.06420898 , 4.79168 , 4
-2.40094, -0.07327271 , 4.6822 , 4
-2.615692, -0.08053589 , 4.565289 , 4
-2.810638, -0.08773804 , 4.445929 , 4
-3.008453, -0.09729004 , 4.308876 , 4
-3.165863, -0.1118164 , 4.189078 , 4
-3.33783, -0.1254578 , 4.047358 , 4
-3.486572, -0.1298828 , 3.912689 , 4
-3.616608, -0.1368103 , 3.786496 , 4
-3.711456, -0.1455078 , 3.69131 , 4
-3.774445, -0.1467285 , 3.627902 , 4
-3.811066, -0.1462097 , 3.587993 , 4
-3.858673, -0.127655 , 3.53901 , 4
-3.913239, -0.09741211 , 3.482095 , 4
-3.985321, -0.07131958 , 3.396043 , 4
-4.081451, -0.04199219 , 3.269347 , 4
-4.17215, -0.02059937 , 3.144128 , 4
-4.278656, -0.003234863 , 2.98995 , 4
-4.375519, 0.00769043 , 2.835729 , 4
-4.446716, 0.01394653 , 2.712168 , 4
-4.515747, 0.01269531 , 2.587724 , 4
-4.578583, 0.0166626 , 2.465713 , 4
-4.6604, 0.02941895 , 2.289297 , 4
-4.746918, 0.01599121 , 2.082598 , 4
