0.6282959, 0.03967285 , 5.407578 , 0
0.6473999, 0.03964233 , 5.410021 , 0
0.6530151, 0.0350647 , 5.410115 , 0
0.6592102, 0.03076172 , 5.408146 , 0
0.6576233, 0.03106689 , 5.406033 , 0
0.6544495, 0.02880859 , 5.402498 , 0
0.6460266, 0.02758789 , 5.400853 , 0
0.6401672, 0.02432251 , 5.400228 , 0
0.6290588, 0.0227356 , 5.399489 , 0
0.5693359, -0.001800537 , 5.399158 , 0
0.3907471, -0.006469727 , 5.398922 , 0
0.0619812, 0.01748657 , 5.388828 , 0
-0.2389832, 0.03201294 , 5.364802 , 0
-0.588623, 0.04837036 , 5.325572 , 0
-0.8865662, 0.06610107 , 5.280858 , 0
-1.14856, 0.07684326 , 5.228531 , 0
-1.389526, 0.06347656 , 5.168519 , 0
-1.60791, 0.04803467 , 5.102796 , 0
-1.774384, 0.04382324 , 5.048725 , 0
-1.932922, 0.0305481 , 4.992511 , 0
-2.0625, 0.02084351 , 4.945918 , 0
-2.182739, 0.01010132 , 4.89938 , 0
-2.303772, 0.00302124 , 4.842524 , 0
-2.445313, -0.005767822 , 4.772905 , 0
-2.573151, -0.01464844 , 4.708712 , 0
-2.717041, -0.02731323 , 4.629675 , 0
-2.847809, -0.02780151 , 4.553427 , 0
-2.953827, -0.03085327 , 4.487004 , 0
-3.091705, -0.0244751 , 4.390382 , 0
-3.224182, -0.02154541 , 4.292372 , 0
-3.341339, -0.01556396 , 4.2019 , 0
-3.451843, -0.008514404 , 4.115476 , 0
-3.53894, -3.051758E-05 , 4.043483 , 0
-3.630157, 0.003417969 , 3.961089 , 0
-3.749054, -0.004333496 , 3.843837 , 0
-3.850708, 0.003417969 , 3.74175 , 0
-3.961823, 0.003601074 , 3.623541 , 0
-4.071106, 0.01135254 , 3.501781 , 0
-4.190186, 0.03167725 , 3.360082 , 0
-4.295929, 0.04089355 , 3.225004 , 0
-4.413086, 0.02896118 , 3.061934 , 0
-4.509766, 0.02529907 , 2.915688 , 0
-4.580383, 0.009124756 , 2.808643 , 0
-4.649536, 0.006286621 , 2.689885 , 0
-4.716644, 0.007171631 , 2.563855 , 0
-4.784454, 0.005706787 , 2.424699 , 0
-4.855377, 0.01797485 , 2.260293 , 0
-4.901367, 0.02212524 , 2.14676 , 1
-4.916443, 0.02218628 , 2.10399 , 1
-4.878662, 0.01266479 , 2.196981 , 1
-4.739441, -0.0317688 , 2.487694 , 1
-4.541473, -0.05978394 , 2.832647 , 1
-4.267914, -0.07580566 , 3.231903 , 1
-4.007782, -0.09338379 , 3.558058 , 1
-3.740204, -0.09906006 , 3.839688 , 1
-3.452545, -0.103363 , 4.104085 , 1
-3.195282, -0.0916748 , 4.316379 , 1
-2.907593, -0.07067871 , 4.517916 , 1
-2.636505, -0.05270386 , 4.687265 , 1
-2.427673, -0.03939819 , 4.805871 , 1
-2.236389, -0.02102661 , 4.904473 , 1
-2.04599, -0.001190186 , 4.989553 , 1
-1.862915, 0.01260376 , 5.062376 , 1
-1.684448, 0.03390503 , 5.128406 , 1
-1.500244, 0.06768799 , 5.191829 , 1
-1.291138, 0.09216309 , 5.251276 , 1
-1.079407, 0.1032715 , 5.3083 , 1
-0.9129944, 0.109314 , 5.346948 , 1
-0.7219238, 0.1140747 , 5.385627 , 1
-0.5690308, 0.114624 , 5.412807 , 1
-0.4468079, 0.1046448 , 5.432217 , 1
-0.3595276, 0.09814453 , 5.444345 , 1
-0.2835083, 0.08911133 , 5.4529 , 1
-0.2331848, 0.06936646 , 5.457287 , 1
-0.1920471, 0.05062866 , 5.459011 , 1
-0.1502991, 0.04763794 , 5.460841 , 1
-0.08355713, 0.04727173 , 5.463872 , 1
0.01882935, 0.05331421 , 5.467303 , 1
0.1213989, 0.05914307 , 5.465911 , 1
0.2102966, 0.05679321 , 5.465848 , 1
0.293457, 0.05667114 , 5.461082 , 1
0.3817749, 0.05651855 , 5.455275 , 1
0.4550781, 0.05615234 , 5.450963 , 1
0.5289307, 0.04995728 , 5.447614 , 1
0.5697632, 0.05218506 , 5.446613 , 1
0.5843811, 0.05435181 , 5.446583 , 1
0.5326233, 0.05078125 , 5.447964 , 1
0.4211426, 0.05529785 , 5.447447 , 1
0.1738281, 0.06430054 , 5.445231 , 1
-0.1671143, 0.07629395 , 5.421611 , 1
-0.5340271, 0.09283447 , 5.379409 , 1
-0.9148254, 0.09991455 , 5.312405 , 1
-1.235809, 0.09588623 , 5.23614 , 1
-1.507324, 0.09085083 , 5.158536 , 1
-1.707947, 0.09124756 , 5.089764 , 1
-1.908752, 0.08108521 , 5.01697 , 1
-2.073975, 0.07232666 , 4.952634 , 1
-2.207062, 0.06896973 , 4.894288 , 1
-2.313354, 0.06863403 , 4.845208 , 1
-2.351196, 0.06863403 , 4.827851 , 1
-2.461243, 0.0647583 , 4.775412 , 1
-2.546448, 0.07391357 , 4.731097 , 1
-2.626862, 0.08059692 , 4.686798 , 1
-2.694214, 0.08822632 , 4.649356 , 1
-2.757477, 0.09829712 , 4.611416 , 1
-2.849548, 0.09967041 , 4.553607 , 1
-2.935242, 0.1135254 , 4.492374 , 1
-3.036499, 0.1213379 , 4.422451 , 1
-3.130402, 0.116272 , 4.355287 , 1
-3.221405, 0.1073914 , 4.287402 , 1
-3.334717, 0.1014709 , 4.197219 , 1
-3.44574, 0.09603882 , 4.107494 , 1
-3.549744, 0.09844971 , 4.019742 , 1
-3.665466, 0.0970459 , 3.915627 , 1
-3.807648, 0.09960938 , 3.772865 , 1
-3.915955, 0.105011 , 3.657866 , 1
-4.059448, 0.1225281 , 3.493287 , 1
-4.195587, 0.1447754 , 3.319116 , 1
-4.320557, 0.1644897 , 3.14503 , 1
-4.445557, 0.1856995 , 2.950064 , 1
-4.547058, 0.2024841 , 2.773006 , 1
-4.636047, 0.223999 , 2.599901 , 1
-4.720032, 0.227417 , 2.428155 , 1
-4.758789, 0.2210083 , 2.344228 , 1
-4.771515, 0.2211609 , 2.315705 , 1
-4.758026, 0.2028198 , 2.358952 , 1
-4.713562, 0.1870422 , 2.461367 , 1
-4.65506, 0.1796875 , 2.583991 , 1
-4.542999, 0.1862488 , 2.793968 , 1
-4.387207, 0.1792908 , 3.051223 , 1
-4.214905, 0.1546631 , 3.30709 , 1
-4.052185, 0.1351013 , 3.527047 , 1
-3.827484, 0.1211853 , 3.788045 , 1
-3.624054, 0.1170044 , 4.000368 , 1
-3.409637, 0.1285095 , 4.197508 , 1
-3.212555, 0.1309509 , 4.356613 , 1
-3.022614, 0.1355591 , 4.495731 , 1
-2.869781, 0.1395264 , 4.598955 , 1
-2.694244, 0.1388855 , 4.708468 , 1
-2.532623, 0.1408691 , 4.798302 , 1
-2.362244, 0.1560059 , 4.885612 , 1
-2.19574, 0.1712036 , 4.967756 , 1
-1.994598, 0.1694031 , 5.059579 , 1
-1.819855, 0.1554565 , 5.130681 , 1
-1.619385, 0.1503601 , 5.198936 , 1
-1.428772, 0.1671143 , 5.260098 , 1
-1.249451, 0.1798401 , 5.308953 , 1
-1.096954, 0.1820679 , 5.345644 , 1
-0.9477539, 0.1858215 , 5.375889 , 1
-0.7849426, 0.1840515 , 5.40692 , 1
-0.6199646, 0.1867676 , 5.430554 , 1
-0.4715271, 0.1690369 , 5.445898 , 1
-0.3067322, 0.1511841 , 5.458364 , 1
-0.144165, 0.1254883 , 5.465073 , 1
0.02224731, 0.1115723 , 5.469706 , 1
0.1763611, 0.1076965 , 5.469556 , 1
0.3338928, 0.105896 , 5.465613 , 1
0.4721069, 0.1048584 , 5.45874 , 1
0.6073608, 0.102417 , 5.44824 , 1
0.6724854, 0.1018982 , 5.443001 , 1
0.8407593, 0.1015015 , 5.421339 , 1
0.9665527, 0.09954834 , 5.401378 , 1
1.065338, 0.09484863 , 5.385084 , 1
1.118561, 0.09054565 , 5.37297 , 1
1.13739, 0.0949707 , 5.367621 , 1
1.083344, 0.09698486 , 5.374598 , 1
0.920166, 0.09130859 , 5.39932 , 1
0.6747131, 0.09390259 , 5.422042 , 1
0.352478, 0.1225281 , 5.428722 , 1
0.005950928, 0.1550293 , 5.417419 , 1
-0.3276062, 0.1769714 , 5.391445 , 1
-0.6430969, 0.1824951 , 5.351315 , 1
-0.9545898, 0.1849365 , 5.293223 , 1
-1.240509, 0.19104 , 5.221317 , 1
-1.458771, 0.1975403 , 5.158252 , 1
-1.663971, 0.2035217 , 5.09178 , 1
-1.853333, 0.2174683 , 5.021848 , 1
-2.046204, 0.2190857 , 4.940247 , 1
-2.212311, 0.2263794 , 4.862131 , 1
-2.385101, 0.2249146 , 4.776113 , 1
-2.528748, 0.2191162 , 4.700523 , 1
-2.641541, 0.2132263 , 4.636045 , 1
-2.683655, 0.204834 , 4.611933 , 1
-2.686005, 0.1973572 , 4.612658 , 1
-2.618134, 0.1817322 , 4.656223 , 1
-2.504303, 0.1693726 , 4.72378 , 1
-2.334869, 0.1633606 , 4.822722 , 1
-2.087769, 0.1288452 , 4.945529 , 1
-1.866974, 0.0819397 , 5.039298 , 1
-1.686462, 0.04483032 , 5.109884 , 1
-1.535339, 0.008544922 , 5.162044 , 1
-1.413757, -0.02340698 , 5.197325 , 1
-1.363617, -0.03564453 , 5.210728 , 1
-1.264893, -0.04727173 , 5.235619 , 1
-1.161957, -0.06326294 , 5.260058 , 1
-1.018951, -0.06655884 , 5.296094 , 1
-0.8404541, -0.04656982 , 5.334671 , 1
-0.6440125, -0.02508545 , 5.371702 , 1
-0.5003662, 0.01046753 , 5.39522 , 1
-0.486908, 0.03430176 , 5.393667 , 1
-0.590332, 0.06283569 , 5.368056 , 1
-0.719635, 0.06210327 , 5.344464 , 1
-0.8208008, 0.056427 , 5.326007 , 1
-0.9050293, 0.05331421 , 5.308246 , 1
-0.976593, 0.04684448 , 5.296203 , 1
-1.055176, 0.03485107 , 5.283412 , 1
-1.186218, 0.03567505 , 5.252813 , 1
-1.33783, 0.04379272 , 5.209087 , 1
-1.4664, 0.05621338 , 5.169836 , 1
-1.606628, 0.06729126 , 5.122477 , 1
-1.745392, 0.06985474 , 5.070527 , 1
-1.893829, 0.0814209 , 5.01044 , 1
-2.012604, 0.08572388 , 4.962123 , 1
-2.129761, 0.08709717 , 4.909244 , 1
-2.240295, 0.07925415 , 4.857145 , 1
-2.325012, 0.08468628 , 4.814083 , 1
-2.439178, 0.09436035 , 4.753459 , 1
-2.57309, 0.1139526 , 4.678644 , 1
-2.693665, 0.1195068 , 4.606226 , 1
-2.828461, 0.1385803 , 4.52212 , 1
-2.983185, 0.1555786 , 4.416016 , 1
-3.110809, 0.1647949 , 4.319453 , 1
-3.249512, 0.1783447 , 4.212639 , 1
-3.364197, 0.1931152 , 4.120914 , 1
-3.503387, 0.1996765 , 4.00438 , 1
-3.64743, 0.204071 , 3.873039 , 1
-3.781158, 0.2041626 , 3.740416 , 1
-3.88916, 0.2090759 , 3.625232 , 1
-4.006439, 0.2334595 , 3.490817 , 1
-4.091064, 0.2546997 , 3.38912 , 1
-4.167053, 0.2690125 , 3.292536 , 1
-4.191284, 0.2680054 , 3.26279 , 1
-4.160583, 0.2570801 , 3.306195 , 1
-4.056885, 0.2225037 , 3.443754 , 1
-3.920135, 0.1919556 , 3.60964 , 1
-3.708588, 0.1512146 , 3.84373 , 1
-3.482483, 0.1174927 , 4.064062 , 1
-3.238647, 0.105072 , 4.273295 , 1
-3.03598, 0.09515381 , 4.435567 , 1
-2.815155, 0.1045837 , 4.592356 , 1
-2.653931, 0.1177673 , 4.697324 , 1
-2.483002, 0.1276245 , 4.796587 , 1
-2.304657, 0.1348572 , 4.889825 , 1
-2.128998, 0.1425781 , 4.972883 , 1
-1.979401, 0.1476746 , 5.042633 , 1
-1.802734, 0.1672668 , 5.111727 , 1
-1.618622, 0.1845398 , 5.178619 , 1
-1.418701, 0.1980286 , 5.24426 , 1
-1.233978, 0.2086487 , 5.298615 , 1
-1.018372, 0.226593 , 5.349696 , 1
-0.8280029, 0.2429199 , 5.383883 , 1
-0.6652832, 0.2610474 , 5.404646 , 1
-0.4891663, 0.2812805 , 5.419793 , 1
-0.3230591, 0.2949829 , 5.431925 , 1
-0.2041626, 0.2974243 , 5.438095 , 1
-0.09924316, 0.2929077 , 5.447431 , 1
0.005187988, 0.2809143 , 5.45616 , 1
0.1383362, 0.2445068 , 5.464139 , 1
0.2789917, 0.1976624 , 5.475227 , 1
0.3340759, 0.1729126 , 5.48096 , 1
0.4099426, 0.1357727 , 5.486959 , 1
0.4785461, 0.1038208 , 5.489235 , 1
0.5549011, 0.07919312 , 5.490392 , 1
0.5993347, 0.08480835 , 5.488593 , 1
0.5519409, 0.1030579 , 5.485559 , 1
0.3323364, 0.1185608 , 5.483929 , 1
0.05648804, 0.1354065 , 5.470923 , 1
-0.2371826, 0.1489563 , 5.446322 , 1
-0.5234375, 0.1464844 , 5.409381 , 1
-0.7979126, 0.1361694 , 5.359797 , 1
-1.049103, 0.1234436 , 5.303318 , 1
-1.299194, 0.1001587 , 5.242984 , 1
-1.472992, 0.0880127 , 5.192837 , 1
-1.647461, 0.08218384 , 5.136621 , 1
-1.802216, 0.0737915 , 5.081575 , 1
-1.916077, 0.06448364 , 5.038241 , 1
-2.055969, 0.05334473 , 4.983233 , 1
-2.187134, 0.0553894 , 4.924488 , 1
-2.323212, 0.05175781 , 4.859119 , 1
-2.437897, 0.04595947 , 4.800378 , 1
-2.558655, 0.05102539 , 4.73305 , 1
-2.675629, 0.05349731 , 4.664088 , 1
-2.758728, 0.0491333 , 4.612604 , 1
-2.83667, 0.04507446 , 4.560154 , 1
-2.93512, 0.04379272 , 4.495933 , 1
-3.027069, 0.04040527 , 4.429967 , 1
-3.119385, 0.04196167 , 4.363614 , 1
-3.21814, 0.03521729 , 4.285212 , 1
-3.315674, 0.01467896 , 4.200859 , 1
-3.404388, -0.002197266 , 4.120328 , 1
-3.505035, -0.006744385 , 4.030009 , 1
-3.611481, -0.007568359 , 3.925094 , 1
-3.729736, -0.008453369 , 3.799735 , 1
-3.833374, 0.005218506 , 3.690315 , 1
-3.912659, 0.01885986 , 3.602163 , 1
-4.016907, 0.03411865 , 3.473364 , 1
-4.097351, 0.04214478 , 3.367759 , 1
-4.152069, 0.05014038 , 3.293523 , 1
-4.175354, 0.046875 , 3.265371 , 1
-4.17691, 0.04650879 , 3.264838 , 1
-4.155609, 0.0350647 , 3.298286 , 1
-4.093628, 0.04309082 , 3.383962 , 1
-3.992249, 0.04382324 , 3.512618 , 1
-3.936127, 0.03704834 , 3.584215 , 1
-3.898743, 0.0305481 , 3.630374 , 1
-3.871155, 0.03256226 , 3.660189 , 1
-3.860931, 0.03314209 , 3.669662 , 1
-3.856354, 0.04006958 , 3.671783 , 1
-3.849274, 0.03637695 , 3.679095 , 1
-3.826996, 0.03451538 , 3.702536 , 1
-3.744293, 0.03198242 , 3.789981 , 1
-3.618378, 0.02435303 , 3.916968 , 1
-3.471588, 0.02249146 , 4.056808 , 1
-3.337097, 0.02798462 , 4.174799 , 1
-3.168762, 0.04629517 , 4.311455 , 1
-2.996765, 0.05435181 , 4.439012 , 1
-2.820129, 0.06079102 , 4.560019 , 1
-2.644104, 0.07180786 , 4.665462 , 1
-2.464539, 0.07901001 , 4.766742 , 1
-2.269653, 0.08380127 , 4.868733 , 1
-2.065155, 0.07849121 , 4.963333 , 1
-1.907959, 0.07312012 , 5.034299 , 1
-1.727631, 0.07162476 , 5.10441 , 1
-1.555054, 0.07424927 , 5.166757 , 1
-1.376587, 0.08465576 , 5.220355 , 1
-1.184113, 0.0874939 , 5.272066 , 1
-0.9877319, 0.07852173 , 5.315271 , 1
-0.8057861, 0.08364868 , 5.353882 , 1
-0.6444397, 0.08230591 , 5.382437 , 1
-0.4928894, 0.08779907 , 5.403517 , 1
-0.3391113, 0.07971191 , 5.419753 , 1
-0.1885376, 0.07919312 , 5.429031 , 1
-0.05761719, 0.07855225 , 5.435209 , 1
0.08337402, 0.08123779 , 5.438254 , 1
0.2111816, 0.08230591 , 5.439634 , 1
0.3321533, 0.07794189 , 5.437507 , 1
0.437439, 0.07290649 , 5.432668 , 1
0.5349121, 0.06237793 , 5.425587 , 1
0.6352234, 0.06112671 , 5.414852 , 1
0.7059021, 0.06607056 , 5.406948 , 1
0.7277222, 0.08050537 , 5.403296 , 1
0.7182922, 0.0881958 , 5.40395 , 1
0.6226501, 0.0802002 , 5.41162 , 1
0.4410095, 0.06997681 , 5.420042 , 1
0.2574158, 0.07800293 , 5.419054 , 1
0.06143188, 0.0824585 , 5.408996 , 1
-0.155365, 0.08233643 , 5.390037 , 1
-0.3811646, 0.09216309 , 5.363634 , 1
-0.651062, 0.1133423 , 5.315434 , 1
-0.8513489, 0.1385803 , 5.272509 , 1
-1.039215, 0.1599121 , 5.230481 , 1
-1.243683, 0.1782227 , 5.173673 , 1
-1.429474, 0.1930542 , 5.116183 , 1
-1.619873, 0.2052002 , 5.049194 , 1
-1.792236, 0.2177429 , 4.983806 , 1
-1.943329, 0.2156067 , 4.920379 , 1
-2.06958, 0.2107544 , 4.866452 , 1
-2.212524, 0.1862793 , 4.801301 , 1
-2.327209, 0.1604919 , 4.745275 , 1
-2.393524, 0.1400146 , 4.712025 , 1
-2.408142, 0.1291504 , 4.705003 , 1
-2.377258, 0.1125183 , 4.725565 , 1
-2.272705, 0.09887695 , 4.785264 , 1
-2.103851, 0.07919312 , 4.873219 , 1
-1.904724, 0.06027222 , 4.967764 , 1
-1.699127, 0.01443481 , 5.054429 , 1
-1.53183, -0.03329468 , 5.122773 , 1
-1.357635, -0.06552124 , 5.185999 , 1
-1.263458, -0.07632446 , 5.216571 , 1
-1.033447, -0.07711792 , 5.283223 , 1
-0.8612976, -0.06063843 , 5.324325 , 1
-0.7027893, -0.05368042 , 5.358866 , 1
-0.595459, -0.03076172 , 5.379678 , 1
-0.496521, -0.005371094 , 5.398471 , 1
-0.4316711, 0.01940918 , 5.407751 , 1
-0.4212036, 0.03427124 , 5.408504 , 1
-0.4886475, 0.04205322 , 5.390409 , 1
-0.631073, 0.05709839 , 5.35596 , 1
-0.7954407, 0.0461731 , 5.319631 , 1
-0.9411621, 0.02828979 , 5.288469 , 1
-1.101074, 0.01361084 , 5.247863 , 1
-1.257294, 0.006469727 , 5.204081 , 1
-1.410187, -0.009613037 , 5.15808 , 1
-1.536102, -0.01257324 , 5.116831 , 1
-1.662201, -0.01757813 , 5.074548 , 1
-1.808258, -0.01852417 , 5.017116 , 1
-1.98645, -0.005371094 , 4.941936 , 1
-2.150391, 0.005981445 , 4.866783 , 1
-2.312042, 0.01278687 , 4.788143 , 1
-2.468781, 0.01513672 , 4.709404 , 1
-2.592957, 0.01815796 , 4.639249 , 1
-2.709686, 0.01235962 , 4.571127 , 1
-2.812073, 0.006011963 , 4.510126 , 1
-2.927063, -0.001434326 , 4.434095 , 1
-3.011475, -0.0006103516 , 4.376925 , 1
-3.12323, -0.003265381 , 4.301593 , 1
-3.214142, 0.001281738 , 4.233487 , 1
-3.330353, -0.002227783 , 4.138665 , 1
-3.448975, -0.003051758 , 4.035862 , 1
-3.582855, -0.005493164 , 3.911792 , 1
-3.691284, -0.002960205 , 3.806803 , 1
-3.810303, -0.001953125 , 3.68148 , 1
-3.920227, 0.002471924 , 3.561241 , 1
-4.019135, 0.01242065 , 3.443662 , 1
-4.124939, 0.02011108 , 3.310589 , 1
-4.199493, 0.0255127 , 3.208905 , 1
-4.276123, 0.02429199 , 3.100033 , 1
-4.322601, 0.01638794 , 3.024139 , 1
-4.372894, 0.01654053 , 2.940714 , 1
-4.398163, 0.01397705 , 2.898958 , 1
-4.407867, 0.01049805 , 2.88295 , 1
-4.412567, 0.008087158 , 2.876005 , 1
-4.413513, 0.007110596 , 2.87824 , 1
-4.414032, 0.009521484 , 2.882627 , 1
-4.438599, 0.01107788 , 2.854595 , 1
-4.459198, 0.01831055 , 2.829866 , 1
-4.475311, 0.03012085 , 2.813514 , 1
-4.461304, 0.03155518 , 2.836785 , 1
-4.422424, 0.03427124 , 2.896711 , 1
-4.331787, 0.05175781 , 3.034163 , 1
-4.216797, 0.04888916 , 3.201634 , 1
-4.072845, 0.03900146 , 3.398319 , 1
-3.935852, 0.03564453 , 3.569061 , 1
-3.784821, 0.03320313 , 3.742804 , 1
-3.601563, 0.03579712 , 3.932544 , 1
-3.44931, 0.03512573 , 4.079728 , 1
-3.232941, 0.0171814 , 4.264268 , 1
-3.006378, 0.003509521 , 4.435277 , 1
-2.75589, -9.155273E-05 , 4.602342 , 1
-2.543274, 0.006072998 , 4.733679 , 1
-2.301666, 0.0206604 , 4.865938 , 1
-2.079285, 0.04724121 , 4.975519 , 1
-1.878693, 0.0692749 , 5.06786 , 1
-1.707275, 0.09481812 , 5.136218 , 1
-1.529449, 0.1102905 , 5.196528 , 1
-1.370026, 0.1116638 , 5.245437 , 1
-1.201447, 0.1124268 , 5.290406 , 1
-1.028839, 0.1087036 , 5.330969 , 1
-0.9030762, 0.1032715 , 5.357343 , 1
-0.7613525, 0.1001282 , 5.380661 , 1
-0.5993958, 0.0947876 , 5.404379 , 1
-0.4479065, 0.09155273 , 5.420321 , 1
-0.2776184, 0.08615112 , 5.437138 , 1
-0.08230591, 0.09765625 , 5.44805 , 1
0.1072083, 0.1088562 , 5.449495 , 1
0.3131714, 0.1148682 , 5.444112 , 1
0.4861145, 0.1069641 , 5.432699 , 1
0.6377258, 0.099823 , 5.420003 , 1
0.7913818, 0.1015015 , 5.40408 , 1
0.8840942, 0.1141968 , 5.392852 , 1
0.9596558, 0.1177673 , 5.384845 , 1
0.9985352, 0.1202698 , 5.382308 , 1
0.9901733, 0.1086121 , 5.386786 , 1
0.8715515, 0.0760498 , 5.410865 , 1
0.6804504, 0.04803467 , 5.433282 , 1
0.3598328, 0.02868652 , 5.444198 , 1
-0.0362854, 0.02124023 , 5.426598 , 1
-0.4303589, 0.01361084 , 5.386256 , 1
-0.7776184, 0.02459717 , 5.330379 , 1
-1.048096, 0.02648926 , 5.275404 , 1
-1.328949, 0.03729248 , 5.199872 , 1
-1.572906, 0.04049683 , 5.123943 , 1
-1.769257, 0.03735352 , 5.057411 , 1
-1.928955, 0.04162598 , 4.995743 , 1
-2.095062, 0.03375244 , 4.926929 , 1
-2.209778, 0.04071045 , 4.871995 , 1
-2.313599, 0.05236816 , 4.82169 , 1
-2.379913, 0.05700684 , 4.787873 , 1
-2.44458, 0.06820679 , 4.751286 , 1
-2.518219, 0.07952881 , 4.711491 , 1
-2.612793, 0.08416748 , 4.657311 , 1
-2.709656, 0.08853149 , 4.597847 , 1
-2.814819, 0.09030151 , 4.5323 , 1
-2.929596, 0.09039307 , 4.454766 , 1
-3.020294, 0.09335327 , 4.390751 , 1
-3.126801, 0.09786987 , 4.311068 , 1
-3.218597, 0.1012878 , 4.241318 , 1
-3.33313, 0.1074524 , 4.150104 , 1
-3.458893, 0.1112976 , 4.046895 , 1
-3.581451, 0.1094971 , 3.938576 , 1
-3.718445, 0.1065063 , 3.808403 , 1
-3.85672, 0.1061401 , 3.66515 , 1
-3.986389, 0.1113586 , 3.520387 , 1
-4.123566, 0.130188 , 3.344792 , 1
-4.238312, 0.1403809 , 3.187574 , 1
-4.325317, 0.1505127 , 3.051991 , 1
-4.41095, 0.1476746 , 2.907504 , 1
-4.455841, 0.1434631 , 2.829555 , 1
-4.466003, 0.1415405 , 2.810463 , 1
-4.445587, 0.1411133 , 2.856223 , 1
-4.396332, 0.1359253 , 2.945609 , 1
-4.300659, 0.1181946 , 3.10097 , 1
-4.234619, 0.09359741 , 3.204784 , 1
-4.204285, 0.07962036 , 3.25126 , 1
-4.188599, 0.07409668 , 3.271846 , 1
-4.176056, 0.0713501 , 3.287485 , 1
-4.158478, 0.0687561 , 3.309688 , 1
-4.126221, 0.06967163 , 3.349666 , 1
-4.054749, 0.07287598 , 3.439786 , 1
-3.968353, 0.06948853 , 3.542418 , 1
-3.857788, 0.07815552 , 3.669199 , 1
-3.65567, 0.0897522 , 3.881944 , 1
-3.482422, 0.0949707 , 4.054045 , 1
-3.298767, 0.1083984 , 4.211409 , 1
-3.092133, 0.1262512 , 4.373344 , 1
-2.875458, 0.1381531 , 4.530864 , 1
-2.689606, 0.1365356 , 4.654345 , 1
-2.489136, 0.1372375 , 4.775373 , 1
-2.297729, 0.1434937 , 4.877155 , 1
-2.088043, 0.1559448 , 4.976207 , 1
-1.908936, 0.1612854 , 5.056175 , 1
-1.732544, 0.1621094 , 5.122184 , 1
-1.522278, 0.1799316 , 5.192826 , 1
-1.31955, 0.2136536 , 5.251169 , 1
-1.151489, 0.2400513 , 5.291678 , 1
-0.9862061, 0.2635803 , 5.325987 , 1
-0.8264771, 0.2728882 , 5.352565 , 1
-0.7066345, 0.2749329 , 5.372004 , 1
-0.5258179, 0.2434692 , 5.393436 , 1
-0.3881836, 0.216095 , 5.408653 , 1
-0.2488708, 0.1938782 , 5.419382 , 1
-0.1505432, 0.1730957 , 5.426116 , 1
-0.01245117, 0.150177 , 5.431785 , 1
0.08935547, 0.1339111 , 5.435859 , 1
0.1623535, 0.1160889 , 5.436861 , 1
0.2141418, 0.100708 , 5.437349 , 1
0.2563782, 0.09286499 , 5.435859 , 1
0.292572, 0.08895874 , 5.434653 , 1
0.343811, 0.08856201 , 5.432994 , 1
0.3596802, 0.08816528 , 5.431813 , 1
0.37323, 0.08865356 , 5.431802 , 1
0.3656006, 0.08291626 , 5.433152 , 1
0.3536377, 0.07888794 , 5.43749 , 1
0.3560486, 0.07110596 , 5.44394 , 1
0.3506165, 0.05511475 , 5.449928 , 1
0.2921143, 0.04534912 , 5.454359 , 1
0.1368103, 0.03417969 , 5.448742 , 1
-0.06744385, 0.04589844 , 5.43145 , 1
-0.2808228, 0.05142212 , 5.41024 , 1
-0.4888, 0.04763794 , 5.382623 , 1
-0.6687317, 0.03936768 , 5.353741 , 1
-0.8519897, 0.0345459 , 5.32094 , 1
-0.9928589, 0.0328064 , 5.293115 , 1
-1.137482, 0.02975464 , 5.261692 , 1
-1.254456, 0.02755737 , 5.233231 , 1
-1.36673, 0.02481079 , 5.204268 , 1
-1.482635, 0.02261353 , 5.169865 , 1
-1.635498, 0.01278687 , 5.115182 , 1
-1.800781, 0.01205444 , 5.050904 , 1
-1.96228, 0.01516724 , 4.982636 , 1
-2.149628, 0.02383423 , 4.893559 , 1
-2.312866, 0.02548218 , 4.811117 , 1
-2.446106, 0.004241943 , 4.739626 , 1
-2.53894, -0.008636475 , 4.686451 , 1
-2.676666, -0.02548218 , 4.605257 , 1
-2.826263, -0.04605103 , 4.514602 , 1
-2.974365, -0.05566406 , 4.417894 , 1
-3.111877, -0.06048584 , 4.322266 , 1
-3.2771, -0.05566406 , 4.196727 , 1
-3.460327, -0.03213501 , 4.043854 , 1
-3.634644, -0.01315308 , 3.886348 , 1
-3.84259, 0.01617432 , 3.675629 , 1
-4.022888, 0.03616333 , 3.473152 , 1
-4.167328, 0.06079102 , 3.295928 , 1
-4.266388, 0.07962036 , 3.160691 , 1
-4.37442, 0.09048462 , 3.002077 , 1
-4.464935, 0.1058655 , 2.853612 , 1
-4.560333, 0.1260681 , 2.676703 , 1
-4.63974, 0.1453857 , 2.510359 , 1
-4.701263, 0.1690063 , 2.373666 , 1
-4.751801, 0.1867371 , 2.257332 , 1
-4.791656, 0.2001953 , 2.170115 , 1
-4.825378, 0.1950073 , 2.089994 , 2
-4.836273, 0.1758423 , 2.034289 , 2
-4.823425, 0.1618652 , 2.042453 , 2
-4.799133, 0.1541138 , 2.09179 , 2
-4.743988, 0.1546631 , 2.227951 , 2
-4.653503, 0.1485291 , 2.433311 , 2
-4.495209, 0.1115112 , 2.742794 , 2
-4.34668, 0.07223511 , 3.000365 , 2
-4.152832, 0.03707886 , 3.290923 , 2
-3.96579, 0.01965332 , 3.535892 , 2
-3.801788, -0.001831055 , 3.72884 , 2
-3.631775, -0.004760742 , 3.908318 , 2
-3.478424, -0.006195068 , 4.059686 , 2
-3.308472, -0.001831055 , 4.210241 , 2
-3.15155, 0.006378174 , 4.33769 , 2
-3.005737, 0.01046753 , 4.44734 , 2
-2.864166, 0.01644897 , 4.546727 , 2
-2.676636, 0.02706909 , 4.668622 , 2
-2.480835, 0.02694702 , 4.784361 , 2
-2.248505, 0.01989746 , 4.905681 , 2
-2.023224, 0.0267334 , 5.013242 , 2
-1.774384, 0.02334595 , 5.114931 , 2
-1.55246, 0.01733398 , 5.194366 , 2
-1.346375, 0.01693726 , 5.257224 , 2
-1.134857, 0.02047729 , 5.31214 , 2
-0.9668274, 0.02709961 , 5.349161 , 2
-0.7907104, 0.02810669 , 5.38026 , 2
-0.6508484, 0.02706909 , 5.4034 , 2
-0.4508057, 0.008911133 , 5.425176 , 2
-0.2658997, -0.002441406 , 5.442189 , 2
-0.09164429, -0.0100708 , 5.45374 , 2
0.05651855, -0.02099609 , 5.458751 , 2
0.1819153, -0.02468872 , 5.459851 , 2
0.2788391, -0.0256958 , 5.457522 , 2
0.3685303, -0.02813721 , 5.454742 , 2
0.444458, -0.02688599 , 5.454182 , 2
0.4912109, -0.02481079 , 5.45407 , 2
0.5022583, -0.02178955 , 5.454401 , 2
0.4859009, -0.01763916 , 5.455517 , 2
0.3728027, -0.01177979 , 5.456783 , 2
0.2565613, -0.01184082 , 5.459115 , 2
0.06570435, -0.01083374 , 5.449979 , 2
-0.1332703, 0.02893066 , 5.437555 , 2
-0.3357544, 0.03088379 , 5.422014 , 2
-0.5453491, 0.01538086 , 5.39046 , 2
-0.7896729, 0.007110596 , 5.344393 , 2
-1.045746, -0.001068115 , 5.283025 , 2
-1.278625, 0.004150391 , 5.217311 , 2
-1.453979, 0.007141113 , 5.161605 , 2
-1.617249, 0.004516602 , 5.105272 , 2
-1.781372, -0.001464844 , 5.043722 , 2
-1.929871, 0.001556396 , 4.98164 , 2
-2.096466, 0.006744385 , 4.90566 , 2
-2.257324, -0.003723145 , 4.829022 , 2
-2.389893, -0.01480103 , 4.7601 , 2
-2.518799, -0.02905273 , 4.689035 , 2
-2.615082, -0.04040527 , 4.634735 , 2
-2.687683, -0.04187012 , 4.594803 , 2
-2.743256, -0.04278564 , 4.56527 , 2
-2.788086, -0.0428772 , 4.540366 , 2
-2.85498, -0.04415894 , 4.501565 , 2
-2.93454, -0.04321289 , 4.451732 , 2
-3.040039, -0.03598022 , 4.37663 , 2
-3.146851, -0.02020264 , 4.296744 , 2
-3.262939, -0.0078125 , 4.204248 , 2
-3.384369, 0.009765625 , 4.104749 , 2
-3.509155, 0.02459717 , 3.996046 , 2
-3.634521, 0.03305054 , 3.881986 , 2
-3.77121, 0.03039551 , 3.745879 , 2
-3.871857, 0.03213501 , 3.639458 , 2
-3.97699, 0.02536011 , 3.519337 , 2
-4.068817, 0.02108765 , 3.406793 , 2
-4.151642, 0.02258301 , 3.29169 , 2
-4.248962, 0.0249939 , 3.150043 , 2
-4.329376, 0.02139282 , 3.022417 , 2
-4.394348, 0.01760864 , 2.899248 , 2
-4.446106, 0.01278687 , 2.778193 , 2
-4.490112, 0.006103516 , 2.6494 , 2
-4.526886, 0.002960205 , 2.531712 , 2
-4.567932, -0.00289917 , 2.401861 , 2
-4.602936, -0.00177002 , 2.282067 , 2
-4.636078, 0.005493164 , 2.174768 , 2
-4.666626, 0.02056885 , 2.089553 , 2
-4.672913, 0.02944946 , 2.07228 , 2
-4.658905, 0.04040527 , 2.146596 , 2
-4.616547, 0.04864502 , 2.302458 , 2
-4.514313, 0.03665161 , 2.56553 , 2
-4.381622, 0.01348877 , 2.845739 , 2
-4.19812, -0.01159668 , 3.16823 , 2
-4.007416, -0.02508545 , 3.449314 , 2
-3.79718, -0.04385376 , 3.714123 , 2
-3.624237, -0.05227661 , 3.910102 , 2
-3.42218, -0.04776001 , 4.108978 , 2
-3.231079, -0.03579712 , 4.277541 , 2
-3.057404, -0.02804565 , 4.415136 , 2
-2.91214, -0.01531982 , 4.520457 , 2
-2.723236, 0.01074219 , 4.647916 , 2
-2.554962, 0.02148438 , 4.752471 , 2
-2.364807, 0.03607178 , 4.857965 , 2
-2.180267, 0.04226685 , 4.951618 , 2
-1.990631, 0.04367065 , 5.039299 , 2
-1.800842, 0.04754639 , 5.115548 , 2
-1.636932, 0.04678345 , 5.175776 , 2
-1.450317, 0.03707886 , 5.235067 , 2
-1.278595, 0.02145386 , 5.283057 , 2
-1.077515, 0.0009765625 , 5.332356 , 2
-0.8710632, -0.01879883 , 5.374283 , 2
-0.6811829, -0.02597046 , 5.406203 , 2
-0.4699097, -0.02194214 , 5.432327 , 2
-0.2780457, 0.003143311 , 5.444812 , 2
-0.08746338, 0.03756714 , 5.447454 , 2
0.0824585, 0.06481934 , 5.443274 , 2
0.2339478, 0.08364868 , 5.438909 , 2
0.3719177, 0.09017944 , 5.431529 , 2
0.4943237, 0.08093262 , 5.42871 , 2
0.6250916, 0.05023193 , 5.424438 , 2
0.7185669, 0.01541138 , 5.421159 , 2
0.7661438, -0.008331299 , 5.423036 , 2
0.7712402, -0.0206604 , 5.428085 , 2
0.725769, -0.03704834 , 5.443299 , 2
0.6239014, -0.04812622 , 5.457948 , 2
0.4721069, -0.06072998 , 5.466857 , 2
0.3108826, -0.06576538 , 5.470004 , 2
0.1244812, -0.06610107 , 5.466375 , 2
-0.09664917, -0.06048584 , 5.455232 , 2
-0.3161926, -0.05187988 , 5.430433 , 2
-0.5448303, -0.04397583 , 5.397342 , 2
-0.7596741, -0.03543091 , 5.355464 , 2
-0.9839172, -0.02328491 , 5.308648 , 2
-1.157959, -0.01687622 , 5.266671 , 2
-1.361389, -0.004058838 , 5.207397 , 2
-1.57901, 0.01394653 , 5.136746 , 2
-1.769257, 0.02423096 , 5.066192 , 2
-1.949738, 0.02407837 , 4.994325 , 2
-2.085632, 0.03060913 , 4.936848 , 2
-2.214142, 0.03710938 , 4.877913 , 2
-2.339752, 0.03952026 , 4.815748 , 2
-2.445496, 0.04083252 , 4.760894 , 2
-2.539276, 0.03341675 , 4.711025 , 2
-2.624847, 0.03060913 , 4.663062 , 2
-2.725891, 0.04412842 , 4.604062 , 2
-2.818451, 0.05233765 , 4.548133 , 2
-2.926422, 0.04623413 , 4.474087 , 2
-3.033417, 0.0553894 , 4.390232 , 2
-3.172913, 0.0553894 , 4.271112 , 2
-3.341095, 0.0635376 , 4.125926 , 2
-3.504272, 0.07006836 , 3.980456 , 2
-3.650848, 0.07067871 , 3.83936 , 2
-3.825531, 0.07931519 , 3.650601 , 2
-3.951752, 0.0765686 , 3.508326 , 2
-4.08725, 0.07949829 , 3.335132 , 2
-4.19458, 0.07687378 , 3.193431 , 2
-4.290955, 0.06671143 , 3.059408 , 2
-4.380402, 0.0663147 , 2.918787 , 2
-4.450287, 0.06304932 , 2.790496 , 2
-4.529694, 0.04608154 , 2.637776 , 2
-4.60788, 0.04522705 , 2.481442 , 2
-4.682037, 0.05377197 , 2.316128 , 2
-4.748383, 0.06845093 , 2.153742 , 2
-4.795288, 0.07028198 , 2.014523 , 3
-4.829254, 0.08023071 , 1.876532 , 3
-4.838959, 0.0848999 , 1.819302 , 3
-4.828064, 0.07754517 , 1.839692 , 3
-4.776886, 0.07144165 , 2.01551 , 3
-4.688538, 0.06802368 , 2.275462 , 3
-4.573181, 0.05169678 , 2.557976 , 3
-4.415192, 0.01174927 , 2.872243 , 3
-4.25531, -0.02728271 , 3.143175 , 3
-4.080597, -0.0552063 , 3.396472 , 3
-3.920776, -0.07348633 , 3.60348 , 3
-3.762939, -0.07910156 , 3.785494 , 3
-3.621368, -0.08596802 , 3.936678 , 3
-3.473053, -0.09341431 , 4.08132 , 3
-3.362061, -0.09542847 , 4.18128 , 3
-3.244598, -0.08666992 , 4.280698 , 3
-3.098999, -0.06005859 , 4.392992 , 3
-2.92038, -0.0435791 , 4.520051 , 3
-2.733643, -0.02752686 , 4.641338 , 3
-2.52356, 0.001220703 , 4.767507 , 3
-2.282318, 0.01849365 , 4.901344 , 3
-2.06723, 0.03460693 , 5.006429 , 3
-1.82196, 0.05877686 , 5.112137 , 3
-1.587189, 0.07577515 , 5.199145 , 3
-1.344574, 0.1019897 , 5.27473 , 3
-1.149384, 0.1062317 , 5.327499 , 3
-0.9464417, 0.10849 , 5.371672 , 3
-0.7327576, 0.1029358 , 5.40893 , 3
-0.5114746, 0.0897522 , 5.439376 , 3
-0.3067322, 0.05639648 , 5.457101 , 3
-0.1295471, 0.03390503 , 5.466616 , 3
0.03253174, 0.02554321 , 5.472363 , 3
0.1514893, 0.019104 , 5.473102 , 3
0.2696228, 0.005828857 , 5.467925 , 3
0.3885803, 0.005767822 , 5.460819 , 3
0.5020447, 0.003479004 , 5.456068 , 3
0.5913086, -0.005187988 , 5.45021 , 3
0.6681213, -0.01242065 , 5.443412 , 3
0.7015686, -0.02029419 , 5.439642 , 3
0.6967163, -0.01950073 , 5.440334 , 3
0.6168213, -0.03170776 , 5.446568 , 3
0.4912415, -0.03186035 , 5.453094 , 3
0.3473511, -0.03396606 , 5.455981 , 3
0.1839294, -0.02954102 , 5.454433 , 3
0.004974365, -0.02438354 , 5.446518 , 3
-0.2038879, -0.02194214 , 5.427001 , 3
-0.397522, -0.01409912 , 5.401772 , 3
-0.6568604, 0.01000977 , 5.361837 , 3
-0.8799438, 0.01580811 , 5.321081 , 3
-1.055389, 0.01782227 , 5.281905 , 3
-1.226807, 0.01889038 , 5.239476 , 3
-1.400208, 0.02905273 , 5.19281 , 3
-1.531525, 0.03405762 , 5.153955 , 3
-1.699799, 0.04281616 , 5.09443 , 3
-1.841125, 0.0536499 , 5.037282 , 3
-1.981995, 0.05761719 , 4.978189 , 3
-2.096863, 0.06137085 , 4.927017 , 3
-2.17453, 0.05911255 , 4.89017 , 3
-2.281342, 0.0385437 , 4.83331 , 3
-2.403503, 0.02545166 , 4.768613 , 3
-2.516144, 0.01223755 , 4.705291 , 3
-2.640198, -0.008728027 , 4.631653 , 3
-2.74881, -0.01895142 , 4.563273 , 3
-2.861694, -0.009887695 , 4.489695 , 3
-2.96347, -0.002532959 , 4.419173 , 3
-3.056641, 0.001220703 , 4.351118 , 3
-3.175507, -0.002471924 , 4.258483 , 3
-3.314972, 0.002807617 , 4.144483 , 3
-3.451172, 0.006774902 , 4.025799 , 3
-3.590973, 0.005584717 , 3.890934 , 3
-3.741577, 0.005157471 , 3.72739 , 3
-3.867584, -0.003112793 , 3.584079 , 3
-3.991821, -0.002380371 , 3.431938 , 3
-4.101776, 0.01046753 , 3.286788 , 3
-4.205719, 0.03005981 , 3.131886 , 3
-4.307373, 0.03927612 , 2.967944 , 3
-4.4086, 0.04067993 , 2.778197 , 3
-4.502777, 0.04321289 , 2.59243 , 3
-4.588379, 0.05114746 , 2.416267 , 3
-4.669495, 0.078125 , 2.23779 , 3
-4.725159, 0.1065674 , 2.111485 , 3
-4.753357, 0.1229858 , 2.020867 , 4
-4.764282, 0.1195984 , 1.965616 , 4
-4.750244, 0.1045532 , 1.9794 , 4
-4.711456, 0.08428955 , 2.073786 , 4
-4.638031, 0.06433105 , 2.263461 , 4
-4.496735, 0.04632568 , 2.59516 , 4
-4.31546, 0.02197266 , 2.942989 , 4
-4.135498, -0.008453369 , 3.238285 , 4
-3.946289, -0.034729 , 3.504363 , 4
-3.741699, -0.05227661 , 3.752761 , 4
-3.569702, -0.05429077 , 3.941768 , 4
-3.4039, -0.0480957 , 4.103808 , 4
-3.262939, -0.04547119 , 4.228713 , 4
-3.120667, -0.03149414 , 4.344275 , 4
-2.979614, -0.02050781 , 4.453488 , 4
-2.85849, -0.008911133 , 4.540009 , 4
-2.715576, 0.005218506 , 4.628425 , 4
-2.558136, 0.01248169 , 4.72359 , 4
-2.396362, 0.02322388 , 4.812691 , 4
-2.215393, 0.03985596 , 4.903299 , 4
-2.051392, 0.04397583 , 4.975363 , 4
-1.88269, 0.04162598 , 5.042738 , 4
-1.731812, 0.03466797 , 5.100281 , 4
-1.594574, 0.02856445 , 5.14716 , 4
-1.428772, 0.02429199 , 5.197764 , 4
-1.260651, 0.02044678 , 5.246051 , 4
-1.088165, 0.01724243 , 5.291076 , 4
-0.9181213, 0.01525879 , 5.3256 , 4
-0.750885, 0.02078247 , 5.35297 , 4
-0.5810242, 0.02536011 , 5.37933 , 4
-0.4196167, 0.02786255 , 5.401313 , 4
-0.2478333, 0.02597046 , 5.420253 , 4
-0.07290649, 0.006378174 , 5.436073 , 4
0.07037354, -0.01693726 , 5.443375 , 4
0.1849365, -0.03250122 , 5.44374 , 4
0.2982178, -0.04806519 , 5.440759 , 4
0.374939, -0.05853271 , 5.438562 , 4
0.4228821, -0.04473877 , 5.437263 , 4
0.4337463, -0.02597046 , 5.43645 , 4
0.4089661, -0.01187134 , 5.435284 , 4
0.3367004, -0.01211548 , 5.437155 , 4
0.1882019, -0.005126953 , 5.437605 , 4
0.006378174, 0.006469727 , 5.430688 , 4
-0.1901245, 0.01605225 , 5.414433 , 4
-0.4493408, 0.01895142 , 5.379194 , 4
-0.7268677, 0.01727295 , 5.331421 , 4
-0.9963684, 0.02203369 , 5.273257 , 4
-1.204712, 0.02163696 , 5.222095 , 4
-1.375824, 0.01168823 , 5.174978 , 4
-1.520447, -0.0009155273 , 5.130334 , 4
-1.671967, -0.006225586 , 5.078924 , 4
-1.835358, -0.003387451 , 5.019224 , 4
-1.968445, 0.005157471 , 4.966578 , 4
-2.110657, 0.01669312 , 4.90362 , 4
-2.229279, 0.02328491 , 4.848244 , 4
-2.353516, 0.02172852 , 4.785619 , 4
-2.441925, 0.01287842 , 4.741718 , 4
-2.518188, 0.01385498 , 4.702403 , 4
-2.581512, 0.01968384 , 4.669195 , 4
-2.653137, 0.02481079 , 4.63087 , 4
-2.732849, 0.0218811 , 4.585215 , 4
-2.845062, 0.02267456 , 4.512856 , 4
-2.963379, 0.03063965 , 4.433427 , 4
-3.069, 0.04321289 , 4.358059 , 4
-3.193146, 0.06375122 , 4.256514 , 4
-3.318207, 0.08770752 , 4.14937 , 4
-3.458801, 0.1340332 , 4.018619 , 4
-3.632599, 0.1763916 , 3.840318 , 4
-3.76059, 0.2030334 , 3.702397 , 4
-3.904236, 0.2214661 , 3.539358 , 4
-4.00885, 0.2312012 , 3.414709 , 4
-4.115814, 0.2276611 , 3.278455 , 4
-4.214081, 0.2164001 , 3.149441 , 4
-4.315582, 0.2012024 , 3.010629 , 4
-4.391632, 0.1853638 , 2.899472 , 4
-4.441742, 0.1689758 , 2.822287 , 4
-4.464844, 0.1555786 , 2.787923 , 4
-4.466522, 0.1381531 , 2.791421 , 4
-4.41925, 0.1159363 , 2.871905 , 4
-4.333282, 0.074646 , 3.010742 , 4
-4.2258, 0.04693604 , 3.167445 , 4
-4.078583, 0.02612305 , 3.361679 , 4
-3.923798, 0.01370239 , 3.549157 , 4
-3.71051, 0.02139282 , 3.775689 , 4
-3.469788, 0.01834106 , 4.004237 , 4
-3.181976, 0.01202393 , 4.242774 , 4
-2.899567, 0.01589966 , 4.452149 , 4
-2.55484, -0.007171631 , 4.669598 , 4
-2.207062, -0.02575684 , 4.856915 , 4
-1.887543, -0.03552246 , 5.005655 , 4
-1.614777, -0.04458618 , 5.113243 , 4
-1.293915, -0.05502319 , 5.220202 , 4
-1.004517, -0.04815674 , 5.302074 , 4
-0.7445679, -0.03552246 , 5.361489 , 4
-0.5350037, -0.009185791 , 5.403422 , 4
-0.3536072, 0.007629395 , 5.432581 , 4
-0.1883545, 0.01724243 , 5.451697 , 4
-0.04006958, 0.01574707 , 5.464641 , 4
0.06948853, 0.003967285 , 5.474451 , 4
0.1626282, -0.0007629395 , 5.479628 , 4
0.2156372, 0.002593994 , 5.481009 , 4
0.3221436, 0.008728027 , 5.481835 , 4
0.3968201, 0.002502441 , 5.482428 , 4
0.4926758, 0.005279541 , 5.479556 , 4
0.5890808, -0.00177002 , 5.473118 , 4
0.6304626, -0.00177002 , 5.469171 , 4
0.5740662, -0.01092529 , 5.471862 , 4
0.368988, -0.02975464 , 5.472069 , 4
0.07406616, -0.0508728 , 5.4597 , 4
-0.2265015, -0.06573486 , 5.436294 , 4
-0.4775085, -0.0730896 , 5.409554 , 4
-0.7036743, -0.07611084 , 5.371826 , 4
-0.921814, -0.08886719 , 5.322848 , 4
-1.128967, -0.09796143 , 5.264866 , 4
-1.322235, -0.07843018 , 5.203779 , 4
-1.493835, -0.05740356 , 5.141454 , 4
-1.672577, -0.03808594 , 5.069362 , 4
-1.813538, -0.02368164 , 5.010141 , 4
-1.940582, -0.01300049 , 4.957008 , 4
-2.098511, 0.001983643 , 4.884866 , 4
-2.236877, 0.0211792 , 4.818475 , 4
-2.390747, 0.0350647 , 4.734818 , 4
-2.508911, 0.04043579 , 4.667113 , 4
-2.665558, 0.04025269 , 4.570634 , 4
-2.81015, 0.03967285 , 4.473769 , 4
-2.971191, 0.02444458 , 4.355445 , 4
-3.130554, 3.051758E-05 , 4.233417 , 4
-3.317596, -0.02755737 , 4.081229 , 4
-3.474365, -0.03982544 , 3.945842 , 4
-3.603943, -0.04507446 , 3.828926 , 4
-3.719421, -0.04147339 , 3.719445 , 4
-3.849487, -0.04653931 , 3.585631 , 4
-3.970673, -0.04623413 , 3.451151 , 4
-4.076202, -0.03585815 , 3.325364 , 4
-4.19101, -0.0213623 , 3.174243 , 4
-4.287262, -0.008758545 , 3.038064 , 4
-4.380035, 0.006439209 , 2.898983 , 4
-4.453247, 0.02487183 , 2.784718 , 4
-4.522247, 0.03555298 , 2.667644 , 4
-4.577759, 0.04397583 , 2.565509 , 4
-4.625031, 0.05206299 , 2.443005 , 4
-4.660187, 0.05889893 , 2.327952 , 4
-4.695007, 0.0697937 , 2.218097 , 4
-4.723816, 0.07861328 , 2.121366 , 4
-4.740784, 0.08007813 , 2.062605 , 4
