Position, Error, Repetition
0.3413696, -0.01086426 , 5.41302 0.3638874 0
0.5306702, -0.0350647 , 5.39765 0.09716427 0
0.4646912, -0.04449463 , 5.403199 0.08077952 0
0.3318176, -0.04348755 , 5.412605 0.08473498 0
0.2135315, -0.03158569 , 5.418601 0.09189357 0
-0.09909058, -0.02285767 , 5.421326 0.1174057 0
-0.1750183, -0.0213623 , 5.41937 0.06037938 0
-0.3052063, -0.0213623 , 5.413344 0.05248384 0
-0.4089661, -0.02258301 , 5.406284 0.0577107 0
-0.6117249, -0.02264404 , 5.386825 0.04184261 0
-0.75354, -0.02264404 , 5.368696 0.03879713 0
-0.8457336, -0.02264404 , 5.354865 0.06394809 0
-1.05957, -0.02264404 , 5.316589 0.04988869 0
-1.221954, -0.02264404 , 5.281596 0.04969554 0
-1.286255, -0.02264404 , 5.266346 0.06901174 0
-1.518677, -0.02264404 , 5.204165 0.0463214 0
-1.656006, -0.02008057 , 5.162332 0.04310679 0
-1.822479, -0.0133667 , 5.106335 0.0426298 0
-1.905762, -0.01101685 , 5.076068 0.04575873 0
-2.166016, -0.0007324219 , 4.971223 0.08208393 0
-2.301483, 0.005249023 , 4.910703 0.07147233 0
-2.434753, -0.00390625 , 4.846136 0.06422136 0
-2.553497, -0.004150391 , 4.785076 0.03534325 0
-2.684937, -0.004180908 , 4.713089 0.0311216 0
-2.833923, -0.004211426 , 4.625684 0.02193495 0
-3.042664, -0.004302979 , 4.492304 0.06413747 0
-3.178253, -0.001708984 , 4.398372 0.05033923 0
-3.294769, -0.001739502 , 4.312567 0.02798172 0
-3.446014, -0.001800537 , 4.193796 0.04641062 0
-3.61615, -0.000579834 , 4.049747 0.0527879 0
-3.66922, -0.000579834 , 4.002245 0.09116152 0
-3.702759, -0.000579834 , 3.970984 0.248396 0
-4.08728, 0.007507324 , 3.571663 0.09617452 0
-4.206818, 0.007507324 , 3.429374 0.07134991 0
-4.374634, 0.007507324 , 3.211789 0.09189353 0
-4.465759, 0.007507324 , 3.083387 0.03879148 0
-4.604492, 0.007507324 , 2.871674 0.04757747 0
-4.762238, 0.007507324 , 2.601293 0.03852336 0
-4.886688, 0.00881958 , 2.359316 0.04514749 0
-4.971375, 0.01138306 , 2.175782 0.1346162 1
-5.061157, 0.01144409 , 1.958354 0.1390915 1
-5.071106, 0.01010132 , 1.932576 0.1349788 1
-4.976471, 0.008789063 , 2.163972 0.1840202 1
-4.835541, 0.00881958 , 2.462469 0.1423223 1
-4.626617, 0.008850098 , 2.835836 0.03477025 1
-4.484802, 0.008850098 , 3.055593 0.04776306 1
-4.34668, 0.01553345 , 3.249909 0.05254879 1
-4.187622, -0.004486084 , 3.452523 0.04926888 1
-4.048462, -0.009857178 , 3.615226 0.04587253 1
-3.890869, -0.009887695 , 3.785263 0.03725351 1
-3.759796, -0.009887695 , 3.916323 0.04584078 1
-3.608795, -0.01657104 , 4.056684 0.04720361 1
-3.478851, -0.02957153 , 4.169059 0.08209442 1
-3.351318, -0.03143311 , 4.273064 0.09001138 1
-3.171143, -0.02746582 , 4.409894 0.04591025 1
-2.969086, -0.02752686 , 4.549888 0.04255806 1
-2.841583, -0.02755737 , 4.631593 0.03001534 1
-2.733551, -0.03417969 , 4.696777 0.06451432 1
-2.583496, -0.04504395 , 4.781756 0.067923 1
-2.461639, -0.04510498 , 4.846588 0.09320247 1
-2.285065, -0.04650879 , 4.933721 0.0639 1
-2.0289, -0.04660034 , 5.046618 0.08908036 1
-1.868744, -0.04666138 , 5.109497 0.09823404 1
-1.748657, -0.04669189 , 5.152905 0.07058869 1
-1.659821, -0.04675293 , 5.182981 0.05071394 1
-1.502289, -0.04681396 , 5.232255 0.04750545 1
-1.329834, -0.046875 , 5.280287 0.05102957 1
-1.216064, -0.04693604 , 5.308753 0.05086802 1
-1.065613, -0.05102539 , 5.342299 0.05622009 1
-0.9101257, -0.0395813 , 5.372887 0.04147061 1
-0.7373962, -0.01309204 , 5.40182 0.01826382 1
-0.6051331, -0.004486084 , 5.419826 0.006819342 1
-0.4364624, -0.009887695 , 5.437636 0.01692985 1
-0.2033081, -0.01672363 , 5.453631 0.0984038 1
-0.1210022, -0.01412964 , 5.4571 0.03474085 1
0.006103516, -0.01416016 , 5.459866 0.0253602 1
0.2706909, -0.01434326 , 5.456161 0.1233137 1
0.3156738, -0.01434326 , 5.454352 0.03179018 1
0.3955078, -0.01959229 , 5.449952 0.06095959 1
0.5235291, -0.02868652 , 5.440466 0.08313853 1
0.7314453, -0.03723145 , 5.418748 0.05745457 1
0.7449341, -0.037323 , 5.417147 0.1546236 1
0.5846558, -0.03988647 , 5.434659 0.1445766 1
0.5369568, -0.03988647 , 5.438978 0.2434382 1
0.4352112, -0.04504395 , 5.446625 0.2903395 1
0.1943665, -0.04501343 , 5.457653 0.2007584 1
-0.02975464, -0.04486084 , 5.458386 0.1288655 1
-0.2148438, -0.04476929 , 5.452243 0.0966052 1
-0.4382019, -0.04467773 , 5.436401 0.04634921 1
-0.5401917, -0.0446167 , 5.426184 0.07487275 1
-0.7564392, -0.04449463 , 5.39801 0.04500217 1
-0.8395386, -0.04119873 , 5.38498 0.07333292 1
-1.008789, -0.0284729 , 5.354595 0.05038112 1
-1.121185, -0.0196228 , 5.331341 0.0820087 1
-1.291107, -0.01882935 , 5.291171 0.06283064 1
-1.522339, -0.01870728 , 5.227106 0.03186274 1
-1.613495, -0.01867676 , 5.198915 0.04101977 1
-1.743073, -0.01861572 , 5.15574 0.06192769 1
-1.925995, -0.01855469 , 5.088584 0.0315311 1
-2.029816, -0.01849365 , 5.047186 0.07750429 1
-2.163635, -0.01846313 , 4.990079 0.09329804 1
-2.324982, -0.0184021 , 4.915626 0.07880707 1
-2.479248, -0.01834106 , 4.838347 0.07535814 1
-2.604828, -0.01828003 , 4.770933 0.1017289 1
-2.686066, -0.01824951 , 4.725022 0.18557 1
-2.802704, -0.01754761 , 4.655831 0.2294572 1
-2.956299, -0.008789063 , 4.558939 0.2274728 1
-3.106079, -0.007446289 , 4.457109 0.226661 1
-3.406189, -0.007324219 , 4.229887 0.04555571 1
-3.589661, -0.007293701 , 4.074055 0.02886609 1
-3.680908, -0.007263184 , 3.991184 0.0761505 1
-3.850067, -0.007232666 , 3.827033 0.05094193 1
-3.966705, -0.001861572 , 3.705554 0.09495587 1
-4.110474, -0.0005187988 , 3.544586 0.1000157 1
-4.30188, -0.0004882813 , 3.308422 0.04885394 1
-4.402344, -0.0004882813 , 3.173264 0.1220843 1
-4.565338, -0.0004882813 , 2.933168 0.1118994 1
-4.686035, -0.00177002 , 2.735805 0.1772967 1
-4.900909, -0.01046753 , 2.32854 0.03074965 1
-4.971527, -0.0138855 , 2.173744 0.1330951 2
-5.098236, -0.01394653 , 1.85839 0.03619327 2
-5.033752, -0.01394653 , 2.025943 0.04353658 2
-4.909332, -0.01123047 , 2.310756 0.03678307 2
-4.718567, -0.003173828 , 2.679361 0.1137528 2
-4.647614, 0.004486084 , 2.801023 0.05919515 2
-4.41922, 0.1304932 , 3.152632 0.1622469 2
-4.315918, 0.181488 , 3.29282 0.1848 2
-4.115692, -0.0369873 , 3.536509 0.09903898 2
-3.889221, -0.02270508 , 3.786489 0.2058275 2
-3.823883, -0.02114868 , 3.852895 0.08557554 2
-3.605469, -0.0328064 , 4.058935 0.1781957 2
-3.519073, -0.04129028 , 4.134413 0.09715049 2
-3.437256, -0.04260254 , 4.203161 0.05774485 2
-3.293121, -0.04403687 , 4.317966 0.04972008 2
-3.179047, -0.04406738 , 4.403504 0.0641683 2
-3.033478, -0.04943848 , 4.505887 0.06876518 2
-2.850769, -0.04949951 , 4.62504 0.05171657 2
-2.68103, -0.06027222 , 4.726358 0.0646428 2
-2.584198, -0.06298828 , 4.780655 0.08176211 2
-2.38327, -0.04458618 , 4.886244 0.04956864 2
-2.212128, -0.0213623 , 4.968316 0.04426982 2
-2.041229, -0.01629639 , 5.042555 0.06502526 2
-1.867157, -0.01638794 , 5.111055 0.08997749 2
-1.769897, -0.02029419 , 5.146311 0.03684899 2
-1.647125, -0.02182007 , 5.187963 0.02508491 2
-1.479858, -0.02056885 , 5.239684 0.02878995 2
-1.387207, -0.02059937 , 5.265845 0.0448225 2
-1.191925, -0.02069092 , 5.315293 0.02270406 2
-1.011017, -0.02078247 , 5.354398 0.04453067 2
-0.8706055, -0.02087402 , 5.380385 0.03605427 2
-0.7611084, -0.01876831 , 5.398143 0.02188825 2
-0.5708008, -0.01568604 , 5.423594 0.03334007 2
-0.3826294, -0.02236938 , 5.441916 0.07101306 2
-0.2425232, -0.03387451 , 5.451128 0.06744274 2
-0.1891785, -0.03457642 , 5.453803 0.05470662 2
0.05581665, -0.04104614 , 5.45933 0.0723018 2
0.372467, -0.05355835 , 5.450242 0.2303825 2
0.3744202, -0.05355835 , 5.450135 0.09582959 2
0.5153503, -0.05633545 , 5.44023 0.09095088 2
0.6137085, -0.05075073 , 5.431459 0.05801564 2
0.7159729, -0.04977417 , 5.420269 0.05801564 2
0.7160034, -0.04977417 , 5.420265 0.06044554 2
Position, Error, Repetition
0.3404541, 0 , 5.413465 0.3645881 0
0.6577759, -6.103516E-05 , 5.385437 0.09119814 0
0.611145, -0.006072998 , 5.390586 0.1793133 0
0.2369995, -0.01852417 , 5.418058 0.08891132 0
0.09460449, -0.01870728 , 5.42196 0.08029985 0
-0.01937866, -0.01937866 , 5.422343 0.06383861 0
-0.1834106, -0.02505493 , 5.41849 0.06631203 0
-0.4475403, -0.02536011 , 5.402496 0.1607294 0
-0.4787292, -0.02536011 , 5.399783 0.05555094 0
-0.6700745, -0.02536011 , 5.378952 0.0850794 0
-0.8384705, -0.02536011 , 5.354996 0.1024478 0
-0.9276428, -0.02536011 , 5.340153 0.05472693 0
-1.068787, -0.02536011 , 5.313508 0.05619243 0
-1.171783, -0.02536011 , 5.291658 0.04735604 0
-1.318268, -0.021698 , 5.257066 0.04476298 0
-1.462891, -0.01483154 , 5.218813 0.04523231 0
-1.548401, -0.01467896 , 5.194063 0.1028255 0
-1.786377, -0.01467896 , 5.117029 0.03047474 0
-1.92099, -0.01467896 , 5.068216 0.03458191 0
-2.123901, -0.01470947 , 4.986803 0.04347086 0
-2.223114, -0.01605225 , 4.943458 0.03541445 0
-2.405365, -0.01608276 , 4.857672 0.04559745 0
-2.506439, -0.01480103 , 4.806636 0.04790839 0
-2.738739, -0.01351929 , 4.678545 0.07389255 0
-2.862122, -0.01351929 , 4.604898 0.03951981 0
-2.982056, -0.02142334 , 4.52833 0.0302843 0
-3.128479, -0.02160645 , 4.429137 0.03237278 0
-3.216003, -0.02163696 , 4.366487 0.09069236 0
-3.461212, -0.01522827 , 4.176476 0.06627927 0
-3.570831, -0.005187988 , 4.084454 0.0334576 0
-3.655273, 0.002105713 , 4.009998 0.1071323 0
-3.796265, 0.002044678 , 3.877959 0.1188462 0
-3.94516, 0.001953125 , 3.728145 0.1250559 0
-4.054993, 0.002868652 , 3.609779 0.1818974 0
-4.234833, 0.003051758 , 3.399608 0.1522973 0
-4.520386, 0.007110596 , 3.015623 0.08709573 0
-4.570099, 0.009368896 , 2.941027 0.1141814 0
-4.672638, 0.01190186 , 2.778219 0.2193733 0
-4.896179, 0.02655029 , 2.371606 0.05090734 0
-4.908844, 0.03384399 , 2.345994 0.3149441 0
-5.059143, 0.03417969 , 1.998877 0.1816311 1
-5.070709, 0.03555298 , 1.969272 0.104833 1
-4.881866, 0.03015137 , 2.401848 0.08153892 1
-4.833069, 0.02224731 , 2.498926 0.108648 1
-4.617004, 0.007263184 , 2.880803 0.03967649 1
-4.446014, 0.005889893 , 3.139759 0.06730445 1
-4.321381, 0.00579834 , 3.311535 0.03139666 1
-4.203827, 0.005767822 , 3.461028 0.03958233 1
-4.10553, 0.004364014 , 3.578271 0.0989052 1
-3.869873, -0.002441406 , 3.834543 0.03354251 1
-3.741547, 0.001098633 , 3.961576 0.008668914 1
-3.628052, 0.01400757 , 4.067574 0.0451064 1
-3.495789, 0.02127075 , 4.183563 0.07572431 1
-3.291077, 0.01330566 , 4.34873 0.01824493 1
-3.158051, -0.002807617 , 4.447399 0.01128888 1
-3.049011, -0.00289917 , 4.524161 0.05158845 1
-2.901062, 0.006317139 , 4.622414 0.05437389 1
-2.65802, 0.006225586 , 4.769223 0.0515273 1
-2.535858, 0.006134033 , 4.836736 0.02275292 1
-2.395081, 0.00604248 , 4.909638 0.01239396 1
-2.236206, -3.051758E-05 , 4.985745 0.02920786 1
-2.113159, -0.002197266 , 5.040576 0.02452317 1
-2.073761, -0.002655029 , 5.057231 0.125866 1
-1.782562, 0.003692627 , 5.168268 0.03341867 1
-1.600464, 0.006713867 , 5.228354 0.05747076 1
-1.491455, 0.00668335 , 5.260945 0.02358811 1
-1.345825, 0.006652832 , 5.30073 0.02216762 1
-1.207947, 0.006622314 , 5.334498 0.01781023 1
-1.097656, 0.006591797 , 5.358835 0.04812413 1
-0.9049988, -0.001525879 , 5.395497 0.01635481 1
-0.750824, -0.002960205 , 5.419933 0.0201682 1
-0.5797424, -0.001678467 , 5.441922 0.02989592 1
-0.4969482, -0.001678467 , 5.450604 0.04816024 1
-0.3439331, -0.001739502 , 5.463343 0.04402988 1
-0.1416626, -0.001831055 , 5.473642 0.009280806 1
-0.01254272, -0.001861572 , 5.476342 0.01319716 1
0.1693115, -0.001953125 , 5.475033 0.01950944 1
0.2670288, -0.001983643 , 5.471862 0.03359625 1
0.4901123, -0.002105713 , 5.458097 0.04162097 1
0.6014099, -0.00213623 , 5.447887 0.008506632 1
0.67276, 0.004516602 , 5.440288 0.03274204 1
############################### END OF PROGRAM ###############################
Name: Juan Martinez
Age: 22
Test: 0
Hololens: N
Markers: 4
Position, Error, Repetition
0.3440247, 0 , 5.412934 0.3610948 0
0.5303955, -3.051758E-05 , 5.398189 0.09048167 0
0.6043701, -6.103516E-05 , 5.390589 0.1731428 0
0.2628784, -3.051758E-05 , 5.417352 0.07110729 0
0.2322998, -3.051758E-05 , 5.41872 0.1008455 0
0.0697937, 0 , 5.422976 0.09012712 0
-0.1623535, -0.004974365 , 5.420721 0.05104652 0
-0.3164063, -0.005279541 , 5.413826 0.05022417 0
-0.4396667, -0.005279541 , 5.405195 0.03668821 0
-0.5980835, -0.005279541 , 5.38997 0.03055098 0
-0.738678, -0.005279541 , 5.372546 0.03016297 0
-1.084351, -0.005279541 , 5.313801 0.1959474 0
-1.206573, -0.006530762 , 5.287637 0.1726105 0
-1.291321, -0.00793457 , 5.267668 0.1055515 0
-1.450958, -0.01461792 , 5.226053 0.1153972 0
-1.574036, -0.01461792 , 5.190562 0.09021657 0
-1.72876, -0.01464844 , 5.141545 0.0991696 0
-1.806854, -0.01464844 , 5.114863 0.0298898 0
############################### END OF PROGRAM ###############################
0.3631009
0.08416
0.07870972
0.08437473
0.05992083
0.06916203
0.05727757
0.08364568
0.04802338
0.05776069
0.04996106
0.04453167
0.06889109
0.03526644
0.04760787
0.06914798
0.03671662
0.05190235
0.02195481
0.02046355
0.08955254
0.1180212
0.05227859
0.04354922
0.07907233
0.02762753
0.02537731
0.03511481
0.04789434
0.04692394
0.06543247
0.08637178
0.07137293
0.04352605
0.08899433
0.07182108
0.04257097
0.140654
0.2092717
0.1304368
0.08581647
0.15511
0.1191334
0.112372
0.1463419
0.07404558
0.0488904
0.07920304
0.03431222
0.03520478
0.03451568
0.02833181
0.04219838
0.03438217
0.04267318
0.01574237
0.05923387
0.0773528
0.08633775
0.07282411
0.03124307
0.04211235
0.04597956
0.01838206
0.02719088
0.01099571
0.02567193
0.01257316
0.02256316
0.01078764
0.09111141
0.01454343
0.0283419
0.1634934
0.05526536
0.1162771
0.04754736
0.04859106
0.0429115
0.04884639
0.04481598
0.1120973
0.03385049
0.04947257
0.1274295
0.1302899
0.04064863
0.02231231
0.07999593
0.0543147
0.09892438
0.04737642
0.01343236
0.04648636
0.01520737
0.04995326
0.07398869
0.03482445
0.01219264
0.01230658
0.02290655
0.01437655
0.06913986
0.01012411
0.06519368
0.1096614
0.1060361
0.06894886
0.02545016
0.1033586
0.04848442
0.1240382
0.01479234
0.05641744
0.1037772
0.1864235
0.2758188
0.1684134
0.333185
0.1008574
0.1324331
0.08651016
0.008478074
0.02888184
0.06468584
0.07117518
